0 0.49476650563607083 0.5266666666666666 0.036231884057971016 0.11466666666666667
0 0.8599033816425121 0.7093333333333334 0.2785829307568438 0.576
0 0.7467793880837359 0.6373333333333333 0.177938808373591 0.336
0 0.6799516908212561 0.5853333333333334 0.1537842190016103 0.22666666666666666
0 0.40660225442834136 0.508 0.02576489533011272 0.056
0 0.286231884057971 0.584 0.0861513687600644 0.16533333333333333
0 0.5950080515297906 0.524 0.09178743961352658 0.12533333333333332
0 0.5652173913043478 0.5106666666666667 0.06924315619967794 0.09333333333333334
0 0.5422705314009661 0.4866666666666667 0.05394524959742351 0.08266666666666667
0 0.3647342995169082 0.49866666666666665 0.030595813204508857 0.064
0 0.37962962962962965 0.49866666666666665 0.0249597423510467 0.05333333333333334
0 0.3417874396135266 0.496 0.020128824476650563 0.048
