0 0.13446054750402575 0.7546666666666667 0.2689210950080515 0.48533333333333334
0 0.8401771336553945 0.744 0.31803542673107893 0.5066666666666667
0 0.31561996779388085 0.5973333333333334 0.13043478260869565 0.30933333333333335
0 0.4210950080515298 0.5546666666666666 0.07568438003220612 0.176
0 0.6658615136876006 0.6066666666666667 0.10789049919484701 0.264
0 0.6320450885668277 0.564 0.057971014492753624 0.17333333333333334
0 0.5394524959742351 0.5226666666666666 0.05636070853462158 0.10666666666666667
0 0.8103864734299517 0.46266666666666667 0.061996779388083734 0.12533333333333332
0 0.7564412238325282 0.46 0.05394524959742351 0.10933333333333334
0 0.6674718196457327 0.42533333333333334 0.037037037037037035 0.104
