0 0.5096618357487923 0.572 0.05475040257648953 0.17333333333333334
0 0.6992753623188406 0.5893333333333334 0.15217391304347827 0.2613333333333333
0 0.606682769726248 0.5426666666666666 0.07809983896940419 0.13066666666666665
0 0.5756843800322061 0.5293333333333333 0.06763285024154589 0.09333333333333334
0 0.1956521739130435 0.6426666666666667 0.15619967793880837 0.2613333333333333
0 0.38687600644122383 0.54 0.04589371980676329 0.104
0 0.4388083735909823 0.516 0.028985507246376812 0.06666666666666667
0 0.23993558776167473 0.5773333333333334 0.09178743961352658 0.136
0 0.2922705314009662 0.5453333333333333 0.057971014492753624 0.12533333333333332
0 0.47906602254428343 0.5013333333333333 0.02254428341384863 0.042666666666666665
0 0.3522544283413849 0.528 0.04428341384863124 0.08
0 0.4102254428341385 0.5173333333333333 0.03784219001610306 0.05333333333333334
0 0.10668276972624799 0.568 0.09903381642512077 0.13866666666666666
0 0.11714975845410629 0.54 0.09420289855072464 0.09333333333333334
0 0.5318035426731079 0.496 0.020128824476650563 0.042666666666666665
