0 0.24677938808373592 0.7106666666666667 0.2069243156199678 0.41333333333333333
0 0.7206119162640902 0.6893333333333334 0.19162640901771336 0.408
0 0.33373590982286633 0.5653333333333334 0.11996779388083736 0.33066666666666666
0 0.6336553945249598 0.604 0.12238325281803543 0.248
0 0.5982286634460547 0.5466666666666666 0.05475040257648953 0.15466666666666667
0 0.1960547504025765 0.49466666666666664 0.20048309178743962 0.23733333333333334
0 0.6163446054750402 0.5106666666666667 0.06521739130434782 0.14666666666666667
0 0.5048309178743962 0.48 0.02576489533011272 0.09066666666666667
0 0.6831723027375202 0.4613333333333333 0.11030595813204509 0.13866666666666666
0 0.41264090177133655 0.496 0.029790660225442835 0.06933333333333333
