0 0.5040257648953301 0.5386666666666666 0.0499194847020934 0.13333333333333333
0 0.321658615136876 0.5893333333333334 0.15217391304347827 0.224
0 0.3719806763285024 0.5386666666666666 0.08373590982286634 0.13866666666666666
0 0.391304347826087 0.5213333333333333 0.0821256038647343 0.12
0 0.4142512077294686 0.49866666666666665 0.06682769726247988 0.08533333333333333
0 0.4428341384863124 0.4653333333333333 0.05636070853462158 0.09866666666666667
2 0.8502415458937198 0.7493333333333333 0.11594202898550725 0.496
0 0.7673107890499195 0.688 0.20933977455716588 0.368
0 0.6594202898550725 0.5973333333333334 0.10628019323671498 0.208
0 0.6179549114331723 0.5426666666666666 0.07809983896940419 0.184
2 0.5644122383252818 0.5093333333333333 0.01288244766505636 0.096
0 0.6674718196457327 0.508 0.0853462157809984 0.10933333333333334
0 0.10144927536231885 0.6106666666666667 0.2028985507246377 0.272
0 0.21537842190016104 0.5533333333333333 0.11835748792270531 0.17866666666666667
0 0.5 0.5 0.028985507246376812 0.088
0 0.26811594202898553 0.5373333333333333 0.07407407407407407 0.14133333333333334
0 0.7733494363929146 0.49333333333333335 0.1280193236714976 0.16
0 0.04468599033816425 0.5466666666666666 0.0893719806763285 0.18666666666666668
