0 0.2028985507246377 0.7653333333333333 0.2946859903381642 0.464
0 0.07971014492753623 0.7773333333333333 0.15942028985507245 0.44
1 0.9867149758454107 0.764 0.0249597423510467 0.4666666666666667
0 0.4134460547504026 0.5813333333333334 0.0571658615136876 0.16533333333333333
0 0.4440418679549114 0.5506666666666666 0.03462157809983897 0.104
0 0.4553140096618358 0.5106666666666667 0.029790660225442835 0.10933333333333334
0 0.5865539452495975 0.5493333333333333 0.09903381642512077 0.128
0 0.571658615136876 0.54 0.0853462157809984 0.09866666666666667
0 0.5438808373590982 0.5226666666666666 0.061996779388083734 0.08533333333333333
0 0.47020933977455714 0.49866666666666665 0.01932367149758454 0.064
0 0.3635265700483092 0.6066666666666667 0.11513687600644122 0.32266666666666666
1 0.8027375201288245 0.5613333333333334 0.06280193236714976 0.232
