0 0.49557165861513686 0.5253333333333333 0.039452495974235106 0.12266666666666666
0 0.9774557165861514 0.7613333333333333 0.043478260869565216 0.472
0 0.3385668276972625 0.5466666666666666 0.05555555555555555 0.10666666666666667
0 0.6666666666666666 0.5626666666666666 0.14492753623188406 0.224
0 0.6010466988727858 0.5346666666666666 0.10064412238325282 0.14133333333333334
0 0.5845410628019324 0.5066666666666667 0.07085346215780998 0.112
0 0.5583735909822867 0.49066666666666664 0.06843800322061191 0.10666666666666667
0 0.5466988727858293 0.496 0.05314009661835749 0.06933333333333333
0 0.33695652173913043 0.508 0.04106280193236715 0.08266666666666667
0 0.44363929146537845 0.464 0.024154589371980676 0.07466666666666667
0 0.35829307568438 0.5 0.0322061191626409 0.06666666666666667
0 0.40499194847020936 0.49066666666666664 0.020933977455716585 0.042666666666666665
0 0.31239935587761675 0.5013333333333333 0.02576489533011272 0.058666666666666666
0 0.1247987117552335 0.508 0.0322061191626409 0.06666666666666667
