0 0.33578431372549017 0.6135135135135135 0.12745098039215685 0.2702702702702703
1 0.9309640522875817 0.46216216216216216 0.09068627450980392 0.22702702702702704
1 0.8427287581699346 0.4594594594594595 0.06290849673202614 0.1783783783783784
2 0.4722222222222222 0.5175675675675676 0.026143790849673203 0.1810810810810811
1 0.6633986928104575 0.4702702702702703 0.03594771241830065 0.10810810810810811
2 0.3386437908496732 0.5283783783783784 0.02042483660130719 0.20810810810810812
1 0.7128267973856209 0.4702702702702703 0.02369281045751634 0.12432432432432433
2 0.1736111111111111 0.5554054054054054 0.02696078431372549 0.15405405405405406
2 0.16666666666666666 0.5635135135135135 0.024509803921568627 0.14864864864864866
1 0.26429738562091504 0.5527027027027027 0.0661764705882353 0.1972972972972973
2 0.20874183006535948 0.5540540540540541 0.02369281045751634 0.15675675675675677
2 0.184640522875817 0.5621621621621622 0.026143790849673203 0.1945945945945946
2 0.28104575163398693 0.5351351351351351 0.016339869281045753 0.1945945945945946
0 0.9640522875816994 0.4243243243243243 0.07026143790849673 0.10810810810810811
0 0.8925653594771242 0.4540540540540541 0.1053921568627451 0.0918918918918919
