2 0.9822866344605475 0.608 0.033816425120772944 0.64
1 0.1143317230273752 0.7186666666666667 0.1706924315619968 0.5573333333333333
0 0.8357487922705314 0.72 0.32689210950080516 0.5546666666666666
0 0.6610305958132046 0.6133333333333333 0.1529790660225443 0.4053333333333333
0 0.6014492753623188 0.54 0.09500805152979067 0.264
0 0.5736714975845411 0.5346666666666666 0.05555555555555555 0.16266666666666665
2 0.534621578099839 0.4786666666666667 0.01288244766505636 0.104
2 0.538244766505636 0.4826666666666667 0.012077294685990338 0.10133333333333333
0 0.4388083735909823 0.48533333333333334 0.024154589371980676 0.08
2 0.4915458937198068 0.47733333333333333 0.008856682769726247 0.064
0 0.3715780998389694 0.5373333333333333 0.05394524959742351 0.12533333333333332
0 0.10990338164251208 0.7613333333333333 0.21980676328502416 0.472
0 0.23953301127214172 0.6493333333333333 0.16183574879227053 0.30666666666666664
0 0.3176328502415459 0.5706666666666667 0.09259259259259259 0.20266666666666666
