0 0.8353462157809984 0.7573333333333333 0.3276972624798712 0.48
0 0.12077294685990338 0.6533333333333333 0.24154589371980675 0.32
0 0.23752012882447665 0.5813333333333334 0.16586151368760063 0.20266666666666666
0 0.285426731078905 0.5733333333333334 0.16022544283413848 0.18133333333333335
0 0.3007246376811594 0.5546666666666666 0.1360708534621578 0.16
0 0.6739130434782609 0.6413333333333333 0.14492753623188406 0.33866666666666667
0 0.572866344605475 0.548 0.050724637681159424 0.12
0 0.3474235104669887 0.552 0.09903381642512077 0.13866666666666666
0 0.3603059581320451 0.528 0.08454106280193237 0.13866666666666666
0 0.5301932367149759 0.48 0.026570048309178744 0.09066666666666667
0 0.41827697262479874 0.5 0.05394524959742351 0.06133333333333333
0 0.4303542673107891 0.49066666666666664 0.04911433172302738 0.06933333333333333
0 0.5193236714975845 0.4693333333333333 0.01932367149758454 0.07466666666666667
