0 0.9331723027375202 0.772 0.1320450885668277 0.45066666666666666
0 0.8715780998389694 0.68 0.25523349436392917 0.6346666666666667
0 0.44887278582930756 0.5133333333333333 0.04428341384863124 0.16266666666666665
0 0.7729468599033816 0.4666666666666667 0.20450885668276972 0.256
0 0.2894524959742351 0.548 0.06682769726247988 0.12533333333333332
0 0.214170692431562 0.528 0.08373590982286634 0.17066666666666666
0 0.38405797101449274 0.5013333333333333 0.03542673107890499 0.09066666666666667
0 0.5885668276972624 0.5146666666666667 0.06280193236714976 0.11733333333333333
0 0.4750402576489533 0.4746666666666667 0.027375201288244767 0.08
0 0.5056360708534622 0.448 0.028985507246376812 0.10133333333333333
0 0.6328502415458938 0.504 0.06602254428341385 0.12266666666666666
0 0.9500805152979066 0.44533333333333336 0.09822866344605476 0.18666666666666668
0 0.47020933977455714 0.43466666666666665 0.028985507246376812 0.144
0 0.08413848631239935 0.5653333333333334 0.10869565217391304 0.13333333333333333
0 0.01288244766505636 0.5666666666666667 0.02576489533011272 0.10933333333333334
