0 0.21739130434782608 0.668 0.15780998389694043 0.2906666666666667
0 0.3003220611916264 0.6066666666666667 0.09339774557165861 0.17866666666666667
0 0.3425925925925926 0.5746666666666667 0.06038647342995169 0.136
0 0.3719806763285024 0.5533333333333333 0.0499194847020934 0.104
0 0.7077294685990339 0.476 0.10789049919484701 0.136
0 0.6863929146537843 0.4693333333333333 0.071658615136876 0.128
0 0.6654589371980676 0.4786666666666667 0.07809983896940419 0.11466666666666667
0 0.9859098228663447 0.4013333333333333 0.026570048309178744 0.12533333333333332
0 0.962157809983897 0.404 0.07407407407407407 0.12533333333333332
0 0.9452495974235104 0.4106666666666667 0.10789049919484701 0.10666666666666667
0 0.9214975845410628 0.4186666666666667 0.11352657004830918 0.10133333333333333
0 0.40136876006441224 0.5373333333333333 0.03784219001610306 0.08266666666666667
0 0.5555555555555556 0.516 0.03864734299516908 0.09866666666666667
