0 0.7681159420289855 0.7346666666666667 0.27375201288244766 0.5253333333333333
0 0.055152979066022546 0.756 0.11030595813204509 0.4826666666666667
0 0.10950080515297907 0.692 0.21900161030595813 0.42933333333333334
0 0.11674718196457327 0.6213333333333333 0.23349436392914655 0.39466666666666667
0 0.1823671497584541 0.6093333333333333 0.1859903381642512 0.232
0 0.2745571658615137 0.5906666666666667 0.15136876006441224 0.18933333333333333
0 0.30998389694041867 0.5706666666666667 0.13365539452495975 0.176
0 0.32085346215780997 0.56 0.10225442834138486 0.16533333333333333
0 0.3333333333333333 0.5386666666666666 0.12238325281803543 0.14933333333333335
0 0.35990338164251207 0.528 0.0853462157809984 0.112
0 0.38727858293075684 0.5093333333333333 0.07246376811594203 0.112
1 0.46497584541062803 0.5 0.007246376811594203 0.056
0 0.572866344605475 0.5626666666666666 0.05555555555555555 0.144
0 0.6376811594202898 0.5226666666666666 0.09822866344605476 0.13333333333333333
0 0.5801127214170693 0.5013333333333333 0.05877616747181964 0.08533333333333333
0 0.5201288244766505 0.5026666666666667 0.020933977455716585 0.050666666666666665
