0 0.9315619967793881 0.564 0.13526570048309178 0.33866666666666667
0 0.03140096618357488 0.7533333333333333 0.06280193236714976 0.488
0 0.08011272141706924 0.6986666666666667 0.16022544283413848 0.42133333333333334
0 0.13486312399355876 0.612 0.26972624798711753 0.376
0 0.27093397745571657 0.552 0.16666666666666666 0.21866666666666668
0 0.29589371980676327 0.552 0.15056360708534622 0.16
0 0.18760064412238325 0.588 0.2222222222222222 0.24266666666666667
0 0.4025764895330113 0.5053333333333333 0.07890499194847021 0.08266666666666667
0 0.8655394524959742 0.5146666666666667 0.12399355877616747 0.17066666666666666
0 0.5805152979066023 0.5146666666666667 0.0853462157809984 0.10133333333333333
