0 0.4798549556809025 0.5172872340425532 0.029814665592264304 0.08776595744680851
0 0.07977437550362611 0.7726063829787234 0.15954875100725222 0.449468085106383
0 0.23972602739726026 0.586436170212766 0.10394842868654311 0.17287234042553193
0 0.35213537469782435 0.6143617021276596 0.1031426269137792 0.21808510638297873
0 0.3182917002417405 0.5465425531914894 0.05962933118452861 0.11436170212765957
0 0.39484286865431106 0.538563829787234 0.045124899274778404 0.09840425531914894
0 0.4266720386784851 0.48404255319148937 0.033037872683319904 0.12234042553191489
0 0.0499597099113618 0.6077127659574468 0.0999194198227236 0.2154255319148936
0 0.20507655116841256 0.5545212765957447 0.0781627719580983 0.11436170212765957
0 0.2618855761482675 0.526595744680851 0.05801772763900081 0.10106382978723404
