0 0.4834943639291465 0.5413333333333333 0.04589371980676329 0.12266666666666666
0 0.14049919484702095 0.768 0.2809983896940419 0.45866666666666667
0 0.26247987117552335 0.748 0.21900161030595813 0.4613333333333333
0 0.14492753623188406 0.6933333333333334 0.17552334943639292 0.336
0 0.21256038647342995 0.6213333333333333 0.14009661835748793 0.24
0 0.31280193236714976 0.5573333333333333 0.09742351046698873 0.144
0 0.33494363929146537 0.5386666666666666 0.09017713365539452 0.13866666666666666
0 0.3671497584541063 0.5253333333333333 0.0644122383252818 0.09066666666666667
0 0.4388083735909823 0.524 0.037037037037037035 0.088
0 0.3969404186795491 0.5026666666666667 0.05958132045088567 0.07733333333333334
0 0.8534621578099839 0.7493333333333333 0.2914653784219002 0.496
0 0.5591787439613527 0.5466666666666666 0.05394524959742351 0.13333333333333333
0 0.5491143317230274 0.45066666666666666 0.05958132045088567 0.22933333333333333
2 0.607085346215781 0.508 0.011272141706924315 0.13066666666666665
0 0.08856682769726248 0.5626666666666666 0.11916264090177134 0.13333333333333333
0 0.48792270531400966 0.512 0.028985507246376812 0.08533333333333333
0 0.24919484702093397 0.5146666666666667 0.04911433172302738 0.08
