0 0.48993558776167473 0.5346666666666666 0.04428341384863124 0.12
0 0.06602254428341385 0.7506666666666667 0.1320450885668277 0.49333333333333335
0 0.30515297906602257 0.564 0.14814814814814814 0.25333333333333335
0 0.3389694041867955 0.5413333333333333 0.10466988727858294 0.21333333333333335
0 0.3715780998389694 0.5306666666666666 0.07971014492753623 0.11733333333333333
0 0.394122383252818 0.5093333333333333 0.0748792270531401 0.128
0 0.5503220611916264 0.472 0.050724637681159424 0.15466666666666667
0 0.4830917874396135 0.5026666666666667 0.027375201288244767 0.08266666666666667
0 0.15056360708534622 0.6573333333333333 0.30112721417069244 0.6053333333333333
0 0.09098228663446055 0.468 0.1819645732689211 0.31733333333333336
