0 0.6674718196457327 0.6093333333333333 0.12238325281803543 0.25333333333333335
0 0.5152979066022544 0.49333333333333335 0.057971014492753624 0.06933333333333333
2 0.39814814814814814 0.512 0.012077294685990338 0.11733333333333333
1 0.7073268921095008 0.5253333333333333 0.05394524959742351 0.13866666666666666
0 0.6690821256038647 0.47733333333333333 0.05636070853462158 0.06933333333333333
0 0.8115942028985508 0.4693333333333333 0.07407407407407407 0.06933333333333333
0 0.9694041867954911 0.46 0.05958132045088567 0.088
0 0.3321256038647343 0.5093333333333333 0.050724637681159424 0.06933333333333333
0 0.2214170692431562 0.5146666666666667 0.04508856682769726 0.064
0 0.4830917874396135 0.4866666666666667 0.017713365539452495 0.04
0 0.4557165861513688 0.4866666666666667 0.020933977455716585 0.04
