2 0.2704248366013072 0.4864864864864865 0.013071895424836602 0.11891891891891893
2 0.34844771241830064 0.4837837837837838 0.008986928104575163 0.08648648648648649
2 0.2696078431372549 0.4648648648648649 0.00980392156862745 0.0918918918918919
0 0.8288398692810458 0.5527027027027027 0.08905228758169935 0.13243243243243244
0 0.8941993464052288 0.5567567567567567 0.0988562091503268 0.12432432432432433
0 0.9477124183006536 0.5581081081081081 0.10294117647058823 0.12702702702702703
2 0.28717320261437906 0.46621621621621623 0.008986928104575163 0.1
2 0.33700980392156865 0.5689189189189189 0.02696078431372549 0.24054054054054055
2 0.4305555555555556 0.5567567567567567 0.042483660130718956 0.2648648648648649
1 0.5964052287581699 0.5702702702702702 0.08823529411764706 0.31891891891891894
1 0.12418300653594772 0.6567567567567567 0.119281045751634 0.4972972972972973
0 0.505718954248366 0.5 0.029411764705882353 0.07567567567567568
2 0.24877450980392157 0.47297297297297297 0.012254901960784314 0.10810810810810811
2 0.18504901960784315 0.47297297297297297 0.008986928104575163 0.11891891891891893
2 0.8227124183006536 0.5175675675675676 0.016339869281045753 0.1
