0 0.8466183574879227 0.5773333333333334 0.30515297906602257 0.4666666666666667
0 0.9762479871175523 0.43733333333333335 0.04589371980676329 0.12266666666666666
0 0.32004830917874394 0.564 0.08293075684380032 0.19466666666666665
0 0.3864734299516908 0.568 0.0966183574879227 0.22933333333333333
0 0.715378421900161 0.45466666666666666 0.11835748792270531 0.14666666666666667
0 0.8071658615136876 0.43466666666666665 0.05877616747181964 0.10133333333333333
0 0.9086151368760065 0.412 0.071658615136876 0.12
0 0.8417874396135265 0.42933333333333334 0.06682769726247988 0.09066666666666667
0 0.35990338164251207 0.544 0.0644122383252818 0.13866666666666666
0 0.5471014492753623 0.48533333333333334 0.036231884057971016 0.08533333333333333
0 0.49516908212560384 0.49066666666666664 0.02576489533011272 0.06933333333333333
0 0.46215780998389694 0.4613333333333333 0.027375201288244767 0.042666666666666665
