0 0.18156199677938809 0.768 0.2713365539452496 0.45866666666666667
0 0.04790660225442834 0.7786666666666666 0.09581320450885668 0.43733333333333335
0 0.7290660225442834 0.568 0.1473429951690821 0.2613333333333333
0 0.33454106280193235 0.6173333333333333 0.11191626409017713 0.248
0 0.3973429951690821 0.572 0.061996779388083734 0.152
0 0.4166666666666667 0.5573333333333333 0.050724637681159424 0.12266666666666666
0 0.5575684380032206 0.54 0.04589371980676329 0.13066666666666665
0 0.7125603864734299 0.524 0.1610305958132045 0.17333333333333334
0 0.573268921095008 0.5333333333333333 0.05314009661835749 0.10666666666666667
0 0.6034621578099839 0.516 0.05394524959742351 0.09866666666666667
