0 0.48711755233494364 0.5 0.01932367149758454 0.06133333333333333
0 0.42954911433172305 0.5306666666666666 0.039452495974235106 0.10133333333333333
0 0.678743961352657 0.664 0.15780998389694043 0.352
0 0.6078904991948471 0.592 0.0998389694041868 0.25066666666666665
0 0.5776972624798712 0.556 0.061996779388083734 0.18933333333333333
0 0.5475040257648953 0.528 0.043478260869565216 0.112
0 0.5245571658615137 0.504 0.023349436392914653 0.06933333333333333
0 0.537842190016103 0.5173333333333333 0.033816425120772944 0.096
0 0.34098228663446056 0.5186666666666667 0.05233494363929147 0.06133333333333333
0 0.2741545893719807 0.5186666666666667 0.05877616747181964 0.06666666666666667
2 0.6264090177133655 0.52 0.01932367149758454 0.18666666666666668
