0 0.13123993558776167 0.7266666666666667 0.21900161030595813 0.38133333333333336
0 0.3538647342995169 0.6226666666666667 0.09581320450885668 0.232
0 0.2459742351046699 0.6426666666666667 0.1280193236714976 0.24533333333333332
1 0.6763285024154589 0.6066666666666667 0.09339774557165861 0.264
0 0.9460547504025765 0.5413333333333333 0.10628019323671498 0.272
1 0.7073268921095008 0.6266666666666667 0.10386473429951691 0.30933333333333335
0 0.42028985507246375 0.5426666666666666 0.040257648953301126 0.11466666666666667
0 0.4492753623188406 0.5093333333333333 0.01610305958132045 0.048
0 0.5458937198067633 0.5226666666666666 0.07407407407407407 0.096
0 0.5185185185185185 0.5066666666666667 0.05152979066022544 0.06933333333333333
0 0.3961352657004831 0.5546666666666666 0.0644122383252818 0.192
