0 0.8611111111111112 0.7706666666666667 0.27616747181964574 0.4533333333333333
0 0.06964573268921095 0.7573333333333333 0.1392914653784219 0.48
0 0.10950080515297907 0.6813333333333333 0.21900161030595813 0.34933333333333333
0 0.15821256038647344 0.6253333333333333 0.2246376811594203 0.296
0 0.6187600644122383 0.6066666666666667 0.11835748792270531 0.248
0 0.29307568438003223 0.5813333333333334 0.15942028985507245 0.176
0 0.5676328502415459 0.5386666666666666 0.05636070853462158 0.11733333333333333
0 0.30394524959742353 0.5573333333333333 0.11996779388083736 0.16
0 0.32367149758454106 0.5306666666666666 0.0966183574879227 0.15466666666666667
0 0.534621578099839 0.49466666666666664 0.028985507246376812 0.08266666666666667
