0 0.4806763285024155 0.544 0.04669887278582931 0.12266666666666666
0 0.1610305958132045 0.7626666666666667 0.322061191626409 0.4693333333333333
0 0.3007246376811594 0.6973333333333334 0.1682769726247987 0.37066666666666664
0 0.18518518518518517 0.656 0.15619967793880837 0.2826666666666667
0 0.2391304347826087 0.6013333333333334 0.1288244766505636 0.21066666666666667
0 0.32045088566827695 0.552 0.09178743961352658 0.13333333333333333
0 0.3413848631239936 0.536 0.0853462157809984 0.128
0 0.3695652173913043 0.524 0.061191626409017714 0.088
0 0.43800322061191627 0.5226666666666666 0.03542673107890499 0.08533333333333333
0 0.3969404186795491 0.5026666666666667 0.057971014492753624 0.072
0 0.8289049919484702 0.744 0.34057971014492755 0.5066666666666667
0 0.5507246376811594 0.5386666666666666 0.0499194847020934 0.12266666666666666
0 0.5426731078904992 0.448 0.05636070853462158 0.21866666666666668
2 0.5990338164251208 0.5066666666666667 0.01288244766505636 0.12266666666666666
0 0.1111111111111111 0.556 0.10789049919484701 0.12533333333333332
0 0.4851046698872786 0.5133333333333333 0.029790660225442835 0.088
0 0.25644122383252815 0.5106666666666667 0.04589371980676329 0.07733333333333334
