0 0.48389694041867953 0.5 0.01932367149758454 0.06133333333333333
0 0.37077294685990336 0.6026666666666667 0.0893719806763285 0.21333333333333335
0 0.8840579710144928 0.7546666666666667 0.23027375201288244 0.48533333333333334
0 0.7556360708534622 0.732 0.285829307568438 0.5306666666666666
0 0.6364734299516909 0.6266666666666667 0.11674718196457327 0.3413333333333333
0 0.5660225442834138 0.5533333333333333 0.06280193236714976 0.15733333333333333
0 0.5289855072463768 0.516 0.028985507246376812 0.08266666666666667
0 0.5495169082125604 0.5333333333333333 0.04589371980676329 0.128
0 0.3107890499194847 0.532 0.06280193236714976 0.07733333333333334
0 0.23107890499194847 0.536 0.07085346215780998 0.08
0 0.5148953301127214 0.5 0.020128824476650563 0.056
2 0.6823671497584541 0.5533333333333333 0.03140096618357488 0.2853333333333333
