0 0.16948470209339775 0.7426666666666667 0.3389694041867955 0.5093333333333333
0 0.8812399355877617 0.7533333333333333 0.2359098228663446 0.488
0 0.6964573268921095 0.7533333333333333 0.21739130434782608 0.488
0 0.3196457326892109 0.6973333333333334 0.14492753623188406 0.392
0 0.3752012882447665 0.6133333333333333 0.09017713365539452 0.224
0 0.6002415458937198 0.6026666666666667 0.09742351046698873 0.24
0 0.5599838969404187 0.5706666666666667 0.06360708534621579 0.16533333333333333
0 0.4331723027375201 0.54 0.040257648953301126 0.10933333333333334
0 0.45088566827697263 0.5146666666666667 0.033816425120772944 0.112
0 0.4665861513687601 0.512 0.029790660225442835 0.09066666666666667
