1 0.7033011272141707 0.5866666666666667 0.0571658615136876 0.33066666666666666
2 0.6139291465378421 0.536 0.020128824476650563 0.22933333333333333
2 0.8743961352657005 0.6813333333333333 0.05636070853462158 0.264
2 0.9223027375201288 0.684 0.05877616747181964 0.24266666666666667
2 0.9404186795491143 0.588 0.04508856682769726 0.376
2 0.7721417069243156 0.5613333333333334 0.027375201288244767 0.248
2 0.748389694041868 0.5506666666666666 0.023349436392914653 0.22133333333333333
2 0.2532206119162641 0.544 0.023349436392914653 0.192
2 0.3111916264090177 0.5386666666666666 0.0249597423510467 0.18666666666666668
0 0.4718196457326892 0.4693333333333333 0.04669887278582931 0.12266666666666666
