0 0.5056360708534622 0.5653333333333334 0.05314009661835749 0.16533333333333333
0 0.7701288244766505 0.6413333333333333 0.19243156199677938 0.38666666666666666
0 0.6207729468599034 0.5533333333333333 0.09017713365539452 0.15733333333333333
0 0.5829307568438004 0.5333333333333333 0.07568438003220612 0.10666666666666667
0 0.322463768115942 0.568 0.07648953301127215 0.16
0 0.40942028985507245 0.524 0.039452495974235106 0.088
0 0.19122383252818034 0.592 0.11835748792270531 0.16533333333333333
0 0.2604669887278583 0.5506666666666666 0.07004830917874397 0.14133333333333334
0 0.4605475040257649 0.5053333333333333 0.027375201288244767 0.050666666666666665
0 0.33695652173913043 0.528 0.04911433172302738 0.08533333333333333
0 0.3993558776167472 0.5173333333333333 0.040257648953301126 0.058666666666666666
0 0.04669887278582931 0.5853333333333334 0.09339774557165861 0.168
0 0.06521739130434782 0.5453333333333333 0.11272141706924316 0.10933333333333334
0 0.5414653784219001 0.48933333333333334 0.020128824476650563 0.04
