2 0.22544283413848631 0.49066666666666664 0.01610305958132045 0.12266666666666666
0 0.2214170692431562 0.47733333333333333 0.05475040257648953 0.13866666666666666
0 0.2636876006441224 0.488 0.05394524959742351 0.10133333333333333
0 0.3176328502415459 0.48 0.061996779388083734 0.08533333333333333
0 0.4561191626409018 0.468 0.0571658615136876 0.104
0 0.47946859903381644 0.4693333333333333 0.0426731078904992 0.06933333333333333
0 0.5152979066022544 0.4653333333333333 0.04508856682769726 0.072
0 0.5422705314009661 0.4706666666666667 0.04911433172302738 0.056
0 0.5656199677938808 0.47333333333333333 0.036231884057971016 0.056
0 0.5857487922705314 0.472 0.04106280193236715 0.05333333333333334
0 0.606280193236715 0.4666666666666667 0.04669887278582931 0.05333333333333334
0 0.6396940418679549 0.456 0.04750402576489533 0.07466666666666667
0 0.6590177133655395 0.46 0.0426731078904992 0.050666666666666665
0 0.6739130434782609 0.4573333333333333 0.037037037037037035 0.04533333333333334
