0 0.5024154589371981 0.62 0.061191626409017714 0.17866666666666667
0 0.12761674718196458 0.6173333333333333 0.12962962962962962 0.19466666666666665
1 0.8900966183574879 0.6946666666666667 0.16183574879227053 0.376
0 0.606682769726248 0.564 0.0861513687600644 0.264
2 0.3272946859903382 0.6426666666666667 0.02818035426731079 0.33066666666666666
0 0.24436392914653784 0.5666666666666667 0.07326892109500806 0.136
0 0.34903381642512077 0.5933333333333334 0.10225442834138486 0.17333333333333334
0 0.3647342995169082 0.592 0.09500805152979067 0.13333333333333333
0 0.3864734299516908 0.58 0.08856682769726248 0.11466666666666667
0 0.4146537842190016 0.564 0.061191626409017714 0.09333333333333334
0 0.4359903381642512 0.5426666666666666 0.04589371980676329 0.06133333333333333
0 0.5672302737520128 0.576 0.04428341384863124 0.10666666666666667
0 0.4863123993558776 0.5653333333333334 0.033816425120772944 0.10666666666666667
0 0.2677133655394525 0.548 0.05394524959742351 0.08266666666666667
