0 0.717391304347826 0.7106666666666667 0.23027375201288244 0.4613333333333333
1 0.24235104669887278 0.6666666666666666 0.0853462157809984 0.432
0 0.20088566827697263 0.6746666666666666 0.16505636070853463 0.30933333333333335
0 0.572866344605475 0.5613333333333334 0.10547504025764895 0.25333333333333335
0 0.2665056360708535 0.596 0.10789049919484701 0.21066666666666667
0 0.4915458937198068 0.524 0.04750402576489533 0.11466666666666667
0 0.3442028985507246 0.5333333333333333 0.039452495974235106 0.09066666666666667
0 0.463365539452496 0.508 0.029790660225442835 0.08266666666666667
2 0.3321256038647343 0.49733333333333335 0.010466988727858293 0.088
2 0.32286634460547503 0.5093333333333333 0.00966183574879227 0.08533333333333333
1 0.31561996779388085 0.6253333333333333 0.061191626409017714 0.32266666666666666
