0 0.9472624798711755 0.668 0.10386473429951691 0.6586666666666666
0 0.8236714975845411 0.732 0.35104669887278583 0.5306666666666666
0 0.5817230273752013 0.5906666666666667 0.10064412238325282 0.216
1 0.3462157809983897 0.5666666666666667 0.027375201288244767 0.19466666666666665
0 0.29347826086956524 0.5986666666666667 0.07971014492753623 0.17333333333333334
0 0.5233494363929146 0.5346666666666666 0.06602254428341385 0.16266666666666665
0 0.46980676328502413 0.5253333333333333 0.03784219001610306 0.09066666666666667
0 0.34782608695652173 0.5266666666666666 0.028985507246376812 0.072
0 0.44565217391304346 0.512 0.026570048309178744 0.06933333333333333
2 0.33132045088566825 0.49866666666666665 0.008856682769726247 0.07466666666666667
2 0.3252818035426731 0.5106666666666667 0.00644122383252818 0.072
1 0.37278582930756843 0.5506666666666666 0.02576489533011272 0.168
