0 0.9879227053140096 0.7 0.02254428341384863 0.5946666666666667
0 0.04710144927536232 0.8026666666666666 0.09420289855072464 0.3893333333333333
0 0.6195652173913043 0.616 0.11835748792270531 0.2613333333333333
0 0.3506441223832528 0.596 0.0748792270531401 0.16266666666666665
0 0.5511272141706924 0.552 0.050724637681159424 0.13333333333333333
0 0.3884863123993559 0.548 0.05233494363929147 0.12533333333333332
0 0.4138486312399356 0.5266666666666666 0.028985507246376812 0.07733333333333334
1 0.45974235104669886 0.504 0.00644122383252818 0.048
1 0.46578099838969406 0.5013333333333333 0.005636070853462158 0.048
0 0.5229468599033816 0.5186666666666667 0.029790660225442835 0.08266666666666667
