0 0.7564412238325282 0.7653333333333333 0.24879227053140096 0.464
0 0.0889694041867955 0.7026666666666667 0.177938808373591 0.52
0 0.17673107890499196 0.6226666666666667 0.2037037037037037 0.2906666666666667
0 0.7475845410628019 0.608 0.1859903381642512 0.192
0 0.7081320450885669 0.58 0.1360708534621578 0.19466666666666665
0 0.6364734299516909 0.5386666666666666 0.11352657004830918 0.144
0 0.3003220611916264 0.5306666666666666 0.12721417069243157 0.21333333333333335
0 0.533816425120773 0.5013333333333333 0.04186795491143317 0.144
0 0.35829307568438 0.5346666666666666 0.08856682769726248 0.09866666666666667
0 0.3856682769726248 0.52 0.07407407407407407 0.10133333333333333
0 0.5161030595813204 0.48933333333333334 0.02576489533011272 0.104
0 0.4311594202898551 0.4866666666666667 0.04750402576489533 0.07733333333333334
