0 0.4895330112721417 0.5093333333333333 0.01932367149758454 0.058666666666666666
0 0.822061191626409 0.7653333333333333 0.35426731078904994 0.464
0 0.6602254428341385 0.6573333333333333 0.15136876006441224 0.3333333333333333
0 0.45450885668276975 0.5146666666666667 0.021739130434782608 0.058666666666666666
0 0.5776972624798712 0.564 0.05877616747181964 0.152
0 0.5563607085346216 0.54 0.0499194847020934 0.136
0 0.5318035426731079 0.508 0.029790660225442835 0.07733333333333334
0 0.36996779388083734 0.5146666666666667 0.04106280193236715 0.05333333333333334
0 0.3148148148148148 0.52 0.04669887278582931 0.05333333333333334
2 0.5881642512077294 0.5093333333333333 0.013687600644122383 0.128
