0 0.35990338164251207 0.5053333333333333 0.028985507246376812 0.104
1 0.428743961352657 0.5973333333333334 0.04589371980676329 0.26666666666666666
0 0.7246376811594203 0.7333333333333333 0.17713365539452497 0.512
0 0.5644122383252818 0.6253333333333333 0.14170692431561996 0.2906666666666667
0 0.15780998389694043 0.652 0.143317230273752 0.2693333333333333
0 0.21739130434782608 0.5946666666666667 0.08856682769726248 0.21333333333333335
0 0.4806763285024155 0.5586666666666666 0.07568438003220612 0.184
0 0.4524959742351047 0.5466666666666666 0.061191626409017714 0.13866666666666666
0 0.2471819645732689 0.5773333333333334 0.05152979066022544 0.136
0 0.4247181964573269 0.5346666666666666 0.04106280193236715 0.09866666666666667
