0 0.6027397260273972 0.5970744680851063 0.08380338436744561 0.19414893617021275
0 0.12288477034649477 0.7659574468085106 0.24576954069298954 0.4627659574468085
0 0.34649476228847703 0.5957446808510638 0.09669621273166801 0.22340425531914893
0 0.5362610797743755 0.5212765957446809 0.0346494762288477 0.0851063829787234
0 0.18855761482675262 0.598404255319149 0.128928283642224 0.2074468085106383
0 0.39242546333601935 0.5545212765957447 0.05801772763900081 0.1356382978723404
0 0.3037872683319903 0.5558510638297872 0.06124093473005641 0.11702127659574468
0 0.346897663174859 0.5319148936170213 0.0410958904109589 0.0851063829787234
0 0.370668815471394 0.5079787234042553 0.029008863819500404 0.0851063829787234
0 0.43190975020145045 0.5132978723404256 0.024174053182917002 0.05851063829787234
0 0.39242546333601935 0.5013297872340425 0.029008863819500404 0.07180851063829788
0 0.483883964544722 0.5093085106382979 0.020145044319097503 0.061170212765957445
0 0.5060435132957293 0.5013297872340425 0.0128928283642224 0.0398936170212766
