0 0.9468954248366013 0.5689189189189189 0.10457516339869281 0.13783783783783785
0 0.8941993464052288 0.5608108108108109 0.10212418300653595 0.13243243243243244
0 0.8251633986928104 0.5608108108108109 0.09477124183006536 0.14324324324324325
0 0.505718954248366 0.5054054054054054 0.027777777777777776 0.08108108108108109
2 0.8296568627450981 0.6445945945945946 0.0661764705882353 0.47297297297297297
2 0.8496732026143791 0.6513513513513514 0.06862745098039216 0.41081081081081083
2 0.5253267973856209 0.5918918918918918 0.0457516339869281 0.34054054054054056
2 0.2312091503267974 0.5135135135135135 0.029411764705882353 0.1891891891891892
2 0.2687908496732026 0.5148648648648648 0.016339869281045753 0.1864864864864865
2 0.2798202614379085 0.5243243243243243 0.03349673202614379 0.1945945945945946
2 0.2806372549019608 0.5459459459459459 0.028594771241830064 0.24324324324324326
2 0.32802287581699346 0.5459459459459459 0.035130718954248366 0.21621621621621623
2 0.190359477124183 0.527027027027027 0.026143790849673203 0.22162162162162163
2 0.22549019607843138 0.5297297297297298 0.024509803921568627 0.21621621621621623
2 0.252859477124183 0.5378378378378378 0.022058823529411766 0.1945945945945946
2 0.24673202614379086 0.527027027027027 0.021241830065359478 0.1945945945945946
