0 0.2886473429951691 0.7013333333333334 0.2069243156199678 0.45866666666666667
0 0.8067632850241546 0.7093333333333334 0.38486312399355876 0.576
0 0.37640901771336555 0.616 0.11996779388083736 0.25066666666666665
0 0.5559581320450886 0.5373333333333333 0.04589371980676329 0.11466666666666667
0 0.6409017713365539 0.6253333333333333 0.13365539452495975 0.296
2 0.33776167471819646 0.556 0.016908212560386472 0.22666666666666666
2 0.3474235104669887 0.544 0.008856682769726247 0.18666666666666668
0 0.4585346215780998 0.5093333333333333 0.026570048309178744 0.08
0 0.5370370370370371 0.5133333333333333 0.030595813204508857 0.08266666666666667
2 0.35144927536231885 0.548 0.012077294685990338 0.18933333333333333
