0 0.8699677938808373 0.7786666666666666 0.2584541062801932 0.43733333333333335
0 0.0998389694041868 0.8106666666666666 0.1996779388083736 0.37333333333333335
0 0.20893719806763286 0.7613333333333333 0.21014492753623187 0.44533333333333336
0 0.32004830917874394 0.6453333333333333 0.11996779388083736 0.25066666666666665
0 0.7379227053140096 0.7293333333333333 0.2536231884057971 0.47733333333333333
0 0.6276167471819646 0.596 0.10064412238325282 0.23733333333333334
0 0.8462157809983897 0.49333333333333335 0.14170692431561996 0.19733333333333333
0 0.535024154589372 0.5186666666666667 0.03784219001610306 0.088
0 0.4891304347826087 0.512 0.029790660225442835 0.058666666666666666
0 0.4605475040257649 0.5013333333333333 0.033816425120772944 0.048
1 0.4029790660225443 0.5053333333333333 0.012077294685990338 0.06133333333333333
