0 0.751207729468599 0.732 0.2785829307568438 0.5306666666666666
0 0.038244766505636074 0.7146666666666667 0.07648953301127215 0.3413333333333333
0 0.6243961352657005 0.5826666666666667 0.10547504025764895 0.25866666666666666
0 0.2995169082125604 0.6346666666666667 0.11755233494363929 0.24533333333333332
0 0.35668276972624796 0.5653333333333334 0.07407407407407407 0.192
0 0.5684380032206119 0.5373333333333333 0.057971014492753624 0.14666666666666667
0 0.392512077294686 0.5506666666666666 0.05233494363929147 0.14133333333333334
0 0.5575684380032206 0.5266666666666666 0.050724637681159424 0.10933333333333334
0 0.5422705314009661 0.47333333333333333 0.04911433172302738 0.168
0 0.5140901771336553 0.5026666666666667 0.020128824476650563 0.050666666666666665
0 0.4363929146537842 0.5106666666666667 0.020933977455716585 0.04533333333333334
