0 0.4830917874396135 0.49733333333333335 0.01932367149758454 0.06133333333333333
0 0.4037842190016103 0.5586666666666666 0.05877616747181964 0.14666666666666667
0 0.8272946859903382 0.7453333333333333 0.3438003220611916 0.504
0 0.6594202898550725 0.6533333333333333 0.1610305958132045 0.37866666666666665
0 0.6018518518518519 0.5826666666666667 0.08454106280193237 0.25333333333333335
0 0.5551529790660226 0.5386666666666666 0.05233494363929147 0.13333333333333333
0 0.5253623188405797 0.5106666666666667 0.026570048309178744 0.07733333333333334
0 0.5410628019323671 0.5253333333333333 0.040257648953301126 0.112
0 0.32286634460547503 0.52 0.057971014492753624 0.06933333333333333
0 0.24838969404186795 0.5226666666666666 0.06521739130434782 0.07466666666666667
0 0.5132850241545893 0.49466666666666664 0.018518518518518517 0.050666666666666665
2 0.6505636070853462 0.5346666666666666 0.024154589371980676 0.232
