0 0.49074074074074076 0.5066666666666667 0.020128824476650563 0.064
0 0.13808373590982287 0.7866666666666666 0.27616747181964574 0.42133333333333334
0 0.961755233494364 0.744 0.0748792270531401 0.5066666666666667
0 0.8446054750402576 0.7226666666666667 0.30917874396135264 0.5493333333333333
0 0.6115136876006442 0.5986666666666667 0.10225442834138486 0.23733333333333334
0 0.5458937198067633 0.5293333333333333 0.03864734299516908 0.104
0 0.5776972624798712 0.56 0.06521739130434782 0.176
0 0.285829307568438 0.552 0.07568438003220612 0.09066666666666667
0 0.1892109500805153 0.5653333333333334 0.0853462157809984 0.096
0 0.08816425120772947 0.5786666666666667 0.0748792270531401 0.09066666666666667
0 0.5273752012882448 0.5066666666666667 0.02254428341384863 0.064
2 0.8297101449275363 0.6266666666666667 0.04589371980676329 0.5173333333333333
