0 0.4613526570048309 0.488 0.02576489533011272 0.096
1 0.4782608695652174 0.5826666666666667 0.040257648953301126 0.2693333333333333
0 0.9086151368760065 0.76 0.18115942028985507 0.4746666666666667
0 0.06038647342995169 0.7693333333333333 0.12077294685990338 0.456
0 0.15539452495974235 0.6853333333333333 0.23027375201288244 0.4266666666666667
0 0.6831723027375202 0.672 0.20209339774557167 0.4533333333333333
0 0.5889694041867954 0.5893333333333334 0.11352657004830918 0.25066666666666665
0 0.26610305958132047 0.616 0.10547504025764895 0.21866666666666668
2 0.9033816425120773 0.6146666666666667 0.10789049919484701 0.43466666666666665
0 0.3111916264090177 0.568 0.06521739130434782 0.14933333333333335
0 0.5418679549114331 0.556 0.06280193236714976 0.152
