0 0.749194847020934 0.7386666666666667 0.22302737520128824 0.45866666666666667
0 0.1537842190016103 0.6266666666666667 0.2560386473429952 0.26666666666666666
0 0.27053140096618356 0.5693333333333334 0.143317230273752 0.17866666666666667
0 0.30877616747181963 0.5613333333333334 0.14251207729468598 0.16266666666666665
0 0.321256038647343 0.5466666666666666 0.12238325281803543 0.144
0 0.6489533011272142 0.6133333333333333 0.11594202898550725 0.2826666666666667
0 0.5700483091787439 0.5426666666666666 0.04669887278582931 0.10933333333333334
0 0.36191626409017713 0.5453333333333333 0.09098228663446055 0.12533333333333332
0 0.37399355877616747 0.5266666666666666 0.07809983896940419 0.13066666666666665
0 0.5318035426731079 0.48133333333333334 0.0249597423510467 0.088
0 0.4247181964573269 0.5013333333333333 0.05233494363929147 0.058666666666666666
