0 0.47703464947622887 0.5093085106382979 0.030620467365028204 0.09308510638297872
0 0.0427074939564867 0.6502659574468085 0.0854149879129734 0.3484042553191489
0 0.21716357775987108 0.6715425531914894 0.19580983078162773 0.3324468085106383
0 0.20789685737308622 0.5811170212765957 0.11764705882352941 0.17287234042553193
0 0.3533440773569702 0.5651595744680851 0.0717163577759871 0.14627659574468085
0 0.29814665592264306 0.5345744680851063 0.05801772763900081 0.10638297872340426
0 0.37550362610797744 0.5292553191489362 0.0499597099113618 0.11170212765957446
0 0.41941982272361 0.48271276595744683 0.0362610797743755 0.1196808510638298
0 0.443593875906527 0.47606382978723405 0.016921837228041903 0.06382978723404255
0 0.10918614020950847 0.5678191489361702 0.12812248186946013 0.18351063829787234
