2 0.6583198707592892 0.6991978609625669 0.051696284329563816 0.5427807486631016
2 0.7451534733441034 0.6831550802139037 0.07996768982229402 0.5748663101604278
2 0.1962843295638126 0.6871657754010695 0.05815831987075929 0.5026737967914439
2 0.46122778675282716 0.5655080213903744 0.030694668820678513 0.2647058823529412
2 0.5977382875605816 0.5320855614973262 0.024232633279483037 0.20855614973262032
2 0.8331987075928917 0.5681818181818182 0.04765751211631664 0.3235294117647059
2 0.9543618739903069 0.5414438502673797 0.05250403877221325 0.339572192513369
2 0.789983844911147 0.5334224598930482 0.030694668820678513 0.2647058823529412
2 0.422859450726979 0.5347593582887701 0.016962843295638127 0.1497326203208556
2 0.40751211631663975 0.5280748663101604 0.016962843295638127 0.15240641711229946
0 0.46122778675282716 0.4786096256684492 0.0210016155088853 0.06951871657754011
0 0.39781906300484654 0.5066844919786097 0.05735056542810985 0.16310160427807488
0 0.42164781906300486 0.49732620320855614 0.03877221324717286 0.12299465240641712
