0 0.4927536231884058 0.5053333333333333 0.02254428341384863 0.072
0 0.6727053140096618 0.656 0.15861513687600645 0.352
0 0.06602254428341385 0.648 0.1320450885668277 0.21333333333333335
0 0.6147342995169082 0.5866666666666667 0.0893719806763285 0.224
2 0.5869565217391305 0.508 0.01288244766505636 0.11466666666666667
0 0.5547504025764896 0.5266666666666666 0.04186795491143317 0.10933333333333334
0 0.5281803542673108 0.49333333333333335 0.020933977455716585 0.06933333333333333
0 0.34903381642512077 0.548 0.04589371980676329 0.09333333333333334
0 0.36996779388083734 0.5346666666666666 0.03784219001610306 0.088
0 0.39090177133655396 0.5173333333333333 0.03140096618357488 0.06933333333333333
