0 0.47219983883964545 0.5412234042553191 0.045124899274778404 0.1356382978723404
0 0.0515713134568896 0.6821808510638298 0.1031426269137792 0.375
0 0.18170829975825947 0.7353723404255319 0.3134568896051571 0.523936170212766
0 0.25825946817082995 0.5598404255319149 0.0926672038678485 0.17819148936170212
0 0.3980660757453666 0.5545212765957447 0.064464141821112 0.1622340425531915
0 0.34004834810636586 0.5292553191489362 0.045124899274778404 0.09042553191489362
0 0.22078968573730862 0.5425531914893617 0.07091055600322321 0.11170212765957446
0 0.41941982272361 0.5279255319148937 0.0346494762288477 0.08776595744680851
0 0.43513295729250606 0.511968085106383 0.024174053182917002 0.061170212765957445
0 0.30942788074133765 0.5186170212765957 0.038678485092667206 0.07446808510638298
0 0.06688154713940371 0.5930851063829787 0.13376309427880742 0.18617021276595744
