2 0.5285947712418301 0.46621621621621623 0.016339869281045753 0.15405405405405406
2 0.2173202614379085 0.5364864864864864 0.04084967320261438 0.3216216216216216
2 0.4334150326797386 0.46621621621621623 0.02369281045751634 0.1810810810810811
2 0.8974673202614379 0.7094594594594594 0.2034313725490196 0.5756756756756757
2 0.9138071895424836 0.6094594594594595 0.1707516339869281 0.7756756756756756
2 0.9562908496732027 0.7554054054054054 0.0857843137254902 0.4837837837837838
2 0.9828431372549019 0.7013513513513514 0.032679738562091505 0.5918918918918918
2 0.7030228758169934 0.7243243243243244 0.16094771241830066 0.5459459459459459
2 0.5388071895424836 0.6756756756756757 0.06781045751633986 0.5621621621621622
2 0.6441993464052288 0.6878378378378378 0.05800653594771242 0.5054054054054054
2 0.6997549019607843 0.6432432432432432 0.06454248366013073 0.5405405405405406
2 0.7777777777777778 0.6324324324324324 0.06699346405228758 0.5135135135135135
0 0.1090686274509804 0.49864864864864866 0.2181372549019608 0.9972972972972973
