0 0.4939613526570048 0.5213333333333333 0.04106280193236715 0.10933333333333334
0 0.10748792270531402 0.692 0.21497584541062803 0.44
0 0.2693236714975845 0.5786666666666667 0.12318840579710146 0.18666666666666668
0 0.4053945249597424 0.5906666666666667 0.07809983896940419 0.184
0 0.4311594202898551 0.5533333333333333 0.06038647342995169 0.14666666666666667
0 0.3607085346215781 0.5173333333333333 0.08856682769726248 0.12266666666666666
0 0.7588566827697263 0.756 0.2665056360708535 0.4826666666666667
0 0.6243961352657005 0.42933333333333334 0.1457326892109501 0.49066666666666664
2 0.7242351046698873 0.5746666666666667 0.03784219001610306 0.30666666666666664
0 0.5438808373590982 0.508 0.036231884057971016 0.09866666666666667
0 0.5209339774557166 0.444 0.033816425120772944 0.14666666666666667
0 0.25684380032206117 0.5093333333333333 0.05314009661835749 0.08
0 0.4822866344605475 0.5026666666666667 0.027375201288244767 0.08266666666666667
0 0.10466988727858294 0.544 0.10305958132045089 0.13333333333333333
