0 0.2037037037037037 0.696 0.20128824476650564 0.3626666666666667
0 0.8679549114331723 0.756 0.26247987117552335 0.4826666666666667
0 0.3148148148148148 0.6 0.10628019323671498 0.208
0 0.7089371980676329 0.648 0.15861513687600645 0.3253333333333333
0 0.3615136876006441 0.564 0.07890499194847021 0.14666666666666667
0 0.6312399355877617 0.576 0.0966183574879227 0.208
0 0.42713365539452497 0.5146666666666667 0.033011272141706925 0.08
0 0.5994363929146538 0.5453333333333333 0.061996779388083734 0.152
0 0.5837359098228664 0.5253333333333333 0.04508856682769726 0.11733333333333333
0 0.57085346215781 0.5173333333333333 0.03864734299516908 0.096
