0 0.143317230273752 0.7626666666666667 0.286634460547504 0.4693333333333333
0 0.5736714975845411 0.5706666666666667 0.0861513687600644 0.19733333333333333
0 0.20169082125603865 0.7453333333333333 0.2665056360708535 0.504
2 0.11755233494363929 0.664 0.04830917874396135 0.5013333333333333
2 0.1888083735909823 0.6226666666666667 0.02818035426731079 0.36
0 0.42914653784219003 0.516 0.037037037037037035 0.10933333333333334
0 0.53341384863124 0.516 0.04589371980676329 0.11466666666666667
2 0.20893719806763286 0.64 0.0249597423510467 0.368
0 0.44363929146537845 0.508 0.02576489533011272 0.06666666666666667
0 0.5124798711755234 0.49333333333333335 0.023349436392914653 0.08
