0 0.12681159420289856 0.7626666666666667 0.2536231884057971 0.4693333333333333
0 0.5764895330112721 0.56 0.07246376811594203 0.18133333333333335
0 0.22584541062801933 0.5546666666666666 0.12318840579710146 0.14933333333333335
0 0.6630434782608695 0.6306666666666667 0.13446054750402575 0.30133333333333334
0 0.5575684380032206 0.536 0.04750402576489533 0.13333333333333333
0 0.3804347826086957 0.536 0.05394524959742351 0.12266666666666666
0 0.4001610305958132 0.5093333333333333 0.04186795491143317 0.11733333333333333
0 0.789049919484702 0.7533333333333333 0.3027375201288245 0.488
0 0.41988727858293073 0.5093333333333333 0.033011272141706925 0.096
0 0.5253623188405797 0.4653333333333333 0.03462157809983897 0.12533333333333332
0 0.4388083735909823 0.488 0.017713365539452495 0.037333333333333336
