0 0.49838969404186795 0.5266666666666666 0.04830917874396135 0.13066666666666665
0 0.05032206119162641 0.7453333333333333 0.10064412238325282 0.504
0 0.14130434782608695 0.6986666666666667 0.21497584541062803 0.384
0 0.2785829307568438 0.5573333333333333 0.1111111111111111 0.192
0 0.39049919484702095 0.596 0.0998389694041868 0.2
0 0.4166666666666667 0.5533333333333333 0.0571658615136876 0.15733333333333333
0 0.36272141706924316 0.528 0.071658615136876 0.10666666666666667
0 0.8582930756843801 0.49866666666666665 0.28180354267310787 0.9973333333333333
2 0.7371175523349437 0.688 0.0571658615136876 0.432
0 0.678743961352657 0.652 0.1723027375201288 0.3546666666666667
0 0.6107085346215781 0.584 0.10064412238325282 0.20266666666666666
0 0.5776972624798712 0.5266666666666666 0.06038647342995169 0.15733333333333333
0 0.5314009661835749 0.49466666666666664 0.028985507246376812 0.072
0 0.5289855072463768 0.43866666666666665 0.037037037037037035 0.14666666666666667
0 0.05837359098228664 0.5693333333333334 0.11674718196457327 0.4186666666666667
0 0.49114331723027377 0.5026666666666667 0.030595813204508857 0.09333333333333334
0 0.1888083735909823 0.5133333333333333 0.07004830917874397 0.09866666666666667
