0 0.14412238325281804 0.7506666666666667 0.2882447665056361 0.49333333333333335
0 0.2781803542673108 0.7293333333333333 0.23107890499194847 0.4613333333333333
0 0.5603864734299517 0.5466666666666666 0.061191626409017714 0.144
0 0.7805958132045089 0.744 0.3438003220611916 0.5066666666666667
0 0.34057971014492755 0.6226666666666667 0.11755233494363929 0.25333333333333335
2 0.2640901771336554 0.6053333333333333 0.028985507246376812 0.30933333333333335
2 0.2942834138486312 0.5773333333333334 0.015297906602254429 0.24266666666666667
0 0.44363929146537845 0.5213333333333333 0.030595813204508857 0.09333333333333334
0 0.533816425120773 0.5226666666666666 0.037037037037037035 0.096
2 0.2975040257648953 0.5866666666666667 0.018518518518518517 0.25066666666666665
0 0.5173107890499195 0.5026666666666667 0.021739130434782608 0.072
