0 0.41821112006446415 0.5079787234042553 0.017727639000805803 0.047872340425531915
0 0.467365028203062 0.5598404255319149 0.06285253827558421 0.17287234042553193
0 0.037066881547139406 0.7539893617021277 0.07413376309427881 0.4122340425531915
0 0.038678485092667206 0.5797872340425532 0.07735697018533441 0.2872340425531915
0 0.15028203062046736 0.648936170212766 0.16196615632554393 0.2712765957446808
0 0.3819500402900886 0.5465425531914894 0.045124899274778404 0.1356382978723404
0 0.24294923448831587 0.5678191489361702 0.08299758259468171 0.15159574468085107
0 0.16196615632554393 0.5638297872340425 0.09508460918614021 0.13829787234042554
0 0.3021756647864625 0.5332446808510638 0.041901692183722805 0.09308510638297872
0 0.21353746978243351 0.5186170212765957 0.064464141821112 0.13297872340425532
0 0.32151490733279614 0.5226063829787234 0.032232070910556 0.07180851063829788
0 0.34367445608380337 0.49069148936170215 0.023368251410153102 0.09308510638297872
