0 0.5020128824476651 0.5533333333333333 0.06038647342995169 0.18933333333333333
0 0.9170692431561996 0.7 0.1642512077294686 0.5946666666666667
0 0.6924315619967794 0.5506666666666666 0.17552334943639292 0.34933333333333333
0 0.6159420289855072 0.528 0.10628019323671498 0.16
0 0.5664251207729468 0.48933333333333334 0.06038647342995169 0.08266666666666667
0 0.5475040257648953 0.484 0.040257648953301126 0.06133333333333333
0 0.14371980676328502 0.5666666666666667 0.13768115942028986 0.2
0 0.25885668276972623 0.496 0.15056360708534622 0.35733333333333334
0 0.2391304347826087 0.5426666666666666 0.08051529790660225 0.136
0 0.2962962962962963 0.5266666666666666 0.05475040257648953 0.088
0 0.3667471819645733 0.49733333333333335 0.03462157809983897 0.06133333333333333
0 0.3824476650563607 0.4866666666666667 0.02576489533011272 0.06666666666666667
0 0.4061996779388084 0.4826666666666667 0.0249597423510467 0.048
0 0.9122383252818036 0.528 0.11594202898550725 0.096
0 0.16948470209339775 0.5346666666666666 0.06360708534621579 0.10933333333333334
