0 0.4919484702093398 0.5746666666666667 0.07568438003220612 0.23733333333333334
0 0.8884863123993558 0.716 0.2214170692431562 0.5626666666666666
0 0.7479871175523349 0.6426666666666667 0.19001610305958133 0.352
0 0.6763285024154589 0.5706666666666667 0.16908212560386474 0.2613333333333333
0 0.6477455716586151 0.5533333333333333 0.11996779388083736 0.17866666666666667
0 0.07206119162640902 0.6053333333333333 0.14412238325281804 0.2613333333333333
0 0.1541867954911433 0.5493333333333333 0.11835748792270531 0.192
0 0.44001610305958133 0.4826666666666667 0.018518518518518517 0.05333333333333334
2 0.5515297906602254 0.5093333333333333 0.014492753623188406 0.112
2 0.04790660225442834 0.5346666666666666 0.012077294685990338 0.18933333333333333
2 0.7375201288244766 0.48 0.008051529790660225 0.10666666666666667
2 0.7379227053140096 0.4786666666666667 0.005636070853462158 0.07733333333333334
