0 0.17270531400966183 0.5986666666666667 0.16183574879227053 0.19466666666666665
0 0.25402576489533013 0.5613333333333334 0.11352657004830918 0.15733333333333333
0 0.2822061191626409 0.5426666666666666 0.10064412238325282 0.136
0 0.322061191626409 0.528 0.09017713365539452 0.11733333333333333
0 0.3397745571658615 0.5266666666666666 0.07246376811594203 0.09333333333333334
0 0.357487922705314 0.5186666666666667 0.05314009661835749 0.08266666666666667
0 0.37318840579710144 0.5186666666666667 0.0571658615136876 0.06666666666666667
0 0.3804347826086957 0.5013333333333333 0.04911433172302738 0.07466666666666667
0 0.391304347826087 0.5 0.0499194847020934 0.06666666666666667
0 0.3997584541062802 0.5 0.04750402576489533 0.06133333333333333
