0 0.15056360708534622 0.652 0.30112721417069244 0.6906666666666667
0 0.823268921095008 0.7466666666666667 0.35185185185185186 0.5013333333333333
0 0.6670692431561996 0.6186666666666667 0.10547504025764895 0.2773333333333333
0 0.09822866344605476 0.5146666666666667 0.1964573268921095 0.37333333333333335
0 0.6678743961352657 0.5373333333333333 0.0893719806763285 0.22133333333333333
0 0.499597423510467 0.4866666666666667 0.03140096618357488 0.10933333333333334
0 0.7242351046698873 0.46 0.1392914653784219 0.17333333333333334
0 0.38687600644122383 0.512 0.03784219001610306 0.08533333333333333
0 0.34057971014492755 0.49733333333333335 0.04669887278582931 0.11466666666666667
0 0.6002415458937198 0.48933333333333334 0.0426731078904992 0.08266666666666667
0 0.5438808373590982 0.44266666666666665 0.023349436392914653 0.08533333333333333
0 0.5136876006441223 0.4266666666666667 0.02254428341384863 0.11733333333333333
