2 0.7079967689822294 0.696524064171123 0.07350565428109855 0.5802139037433155
2 0.16397415185783523 0.7005347593582888 0.08077544426494346 0.5935828877005348
2 0.046849757673667204 0.7058823529411765 0.09369951534733441 0.5828877005347594
2 0.9890953150242326 0.6577540106951871 0.020193861066235864 0.679144385026738
2 0.5052504038772213 0.516042780748663 0.034733441033925685 0.23529411764705882
2 0.6684168012924071 0.6550802139037433 0.034733441033925685 0.45454545454545453
2 0.6134894991922456 0.6149732620320856 0.0444264943457189 0.37967914438502676
2 0.5924878836833603 0.5842245989304813 0.033117932148626815 0.3235294117647059
2 0.6627625201938611 0.5561497326203209 0.05735056542810985 0.31016042780748665
2 0.6252019386106623 0.5922459893048129 0.024232633279483037 0.3181818181818182
2 0.6583198707592892 0.5147058823529411 0.0420032310177706 0.24866310160427807
0 0.45678513731825526 0.4879679144385027 0.04604200323101777 0.12032085561497326
