0 0.5394524959742351 0.72 0.1642512077294686 0.512
0 0.9677938808373591 0.736 0.06280193236714976 0.5226666666666666
0 0.6284219001610306 0.5266666666666666 0.09903381642512077 0.152
0 0.5837359098228664 0.5066666666666667 0.05958132045088567 0.096
0 0.5648148148148148 0.5 0.05394524959742351 0.072
0 0.42310789049919484 0.504 0.02818035426731079 0.064
0 0.10909822866344605 0.6133333333333333 0.15217391304347827 0.19733333333333333
0 0.4774557165861514 0.4826666666666667 0.01932367149758454 0.042666666666666665
0 0.31280193236714976 0.5293333333333333 0.06038647342995169 0.09333333333333334
0 0.3438003220611916 0.5093333333333333 0.040257648953301126 0.096
0 0.3852657004830918 0.49866666666666665 0.03462157809983897 0.064
0 0.42995169082125606 0.492 0.0322061191626409 0.04533333333333334
0 0.21980676328502416 0.524 0.06280193236714976 0.09866666666666667
0 0.2109500805152979 0.5133333333333333 0.06602254428341385 0.072
