0 0.4943639291465378 0.5813333333333334 0.08051529790660225 0.25066666666666665
0 0.9770531400966184 0.716 0.04428341384863124 0.5626666666666666
0 0.8200483091787439 0.7026666666666667 0.23268921095008052 0.472
0 0.7137681159420289 0.5946666666666667 0.19887278582930756 0.32
0 0.6727053140096618 0.5666666666666667 0.13768115942028986 0.20533333333333334
0 0.04388083735909823 0.616 0.08776167471819646 0.2773333333333333
0 0.11151368760064412 0.564 0.1457326892109501 0.22133333333333333
0 0.43800322061191627 0.48 0.020933977455716585 0.05333333333333334
2 0.5696457326892109 0.5093333333333333 0.015297906602254429 0.12266666666666666
2 0.7580515297906603 0.48533333333333334 0.007246376811594203 0.112
2 0.751207729468599 0.48 0.004830917874396135 0.08
