0 0.9464869281045751 0.5662162162162162 0.1053921568627451 0.13783783783783785
0 0.8941993464052288 0.5608108108108109 0.10212418300653595 0.13243243243243244
0 0.8251633986928104 0.5608108108108109 0.09477124183006536 0.14324324324324325
0 0.505718954248366 0.5054054054054054 0.027777777777777776 0.08108108108108109
2 0.16584967320261437 0.4743243243243243 0.014705882352941176 0.12702702702702703
2 0.22916666666666666 0.5 0.01715686274509804 0.15675675675675677
1 0.49060457516339867 0.5135135135135135 0.03349673202614379 0.1891891891891892
2 0.20955882352941177 0.4783783783783784 0.015522875816993464 0.12432432432432433
2 0.3459967320261438 0.5594594594594594 0.035130718954248366 0.2756756756756757
2 0.3819444444444444 0.5581081081081081 0.02369281045751634 0.26216216216216215
2 0.40441176470588236 0.5662162162162162 0.04411764705882353 0.2891891891891892
2 0.5629084967320261 0.6081081081081081 0.03758169934640523 0.4
2 0.5747549019607843 0.5986486486486486 0.028594771241830064 0.34864864864864864
2 0.41094771241830064 0.6162162162162163 0.03758169934640523 0.372972972972973
2 0.4485294117647059 0.5972972972972973 0.049019607843137254 0.35135135135135137
2 0.4795751633986928 0.5945945945945946 0.04084967320261438 0.3081081081081081
2 0.3480392156862745 0.5743243243243243 0.03758169934640523 0.3054054054054054
