1 0.7371175523349437 0.6026666666666667 0.06521739130434782 0.37866666666666665
2 0.6211755233494364 0.5493333333333333 0.021739130434782608 0.25066666666666665
2 0.9428341384863124 0.7266666666666667 0.07246376811594203 0.31733333333333336
2 0.9782608695652174 0.7373333333333333 0.04186795491143317 0.296
2 0.9887278582930756 0.6093333333333333 0.020933977455716585 0.424
2 0.7966988727858293 0.5706666666666667 0.03140096618357488 0.2773333333333333
2 0.7733494363929146 0.5613333333333334 0.026570048309178744 0.24266666666666667
2 0.23148148148148148 0.56 0.0249597423510467 0.20266666666666666
2 0.2942834138486312 0.5506666666666666 0.020128824476650563 0.20533333333333334
0 0.4669887278582931 0.4706666666666667 0.04830917874396135 0.12533333333333332
