0 0.4915458937198068 0.5413333333333333 0.04750402576489533 0.128
0 0.2673107890499195 0.5986666666666667 0.14814814814814814 0.216
0 0.31521739130434784 0.58 0.11674718196457327 0.16266666666666665
0 0.35104669887278583 0.5373333333333333 0.07407407407407407 0.12
0 0.428341384863124 0.5506666666666666 0.05314009661835749 0.11466666666666667
0 0.6650563607085346 0.5466666666666666 0.19162640901771336 0.5333333333333333
0 0.5797101449275363 0.5626666666666666 0.07246376811594203 0.16533333333333333
0 0.5599838969404187 0.5466666666666666 0.05233494363929147 0.11733333333333333
0 0.5479066022544283 0.516 0.03784219001610306 0.10933333333333334
0 0.5201288244766505 0.5013333333333333 0.02254428341384863 0.058666666666666666
0 0.11352657004830918 0.6213333333333333 0.1497584541062802 0.21333333333333335
0 0.20772946859903382 0.5426666666666666 0.12721417069243157 0.23733333333333334
0 0.49074074074074076 0.5173333333333333 0.03140096618357488 0.096
0 0.0861513687600644 0.56 0.09822866344605476 0.13333333333333333
