0 0.49597423510466987 0.52 0.03542673107890499 0.112
0 0.92914653784219 0.748 0.14009661835748793 0.49866666666666665
0 0.784621578099839 0.692 0.21980676328502416 0.5146666666666667
0 0.7037037037037037 0.6093333333333333 0.178743961352657 0.296
0 0.6566022544283414 0.5613333333333334 0.14090177133655393 0.23733333333333334
0 0.6324476650563607 0.5506666666666666 0.10386473429951691 0.168
0 0.6107085346215781 0.5306666666666666 0.10064412238325282 0.13333333333333333
0 0.4311594202898551 0.492 0.016908212560386472 0.04
0 0.38808373590982287 0.5213333333333333 0.033816425120772944 0.07733333333333334
0 0.572061191626409 0.504 0.07004830917874397 0.09066666666666667
0 0.5515297906602254 0.49733333333333335 0.05636070853462158 0.072
0 0.5374396135265701 0.4826666666666667 0.04589371980676329 0.06933333333333333
0 0.38446054750402575 0.49466666666666664 0.0249597423510467 0.056
0 0.36231884057971014 0.49066666666666664 0.01610305958132045 0.042666666666666665
