0 0.142914653784219 0.6133333333333333 0.17954911433172302 0.21333333333333335
0 0.2387278582930757 0.5653333333333334 0.1215780998389694 0.16533333333333333
0 0.27093397745571657 0.5466666666666666 0.107085346215781 0.144
0 0.3144122383252818 0.528 0.09420289855072464 0.12266666666666666
0 0.33413848631239934 0.5293333333333333 0.07568438003220612 0.09866666666666667
0 0.3522544283413849 0.516 0.05555555555555555 0.088
0 0.36835748792270534 0.5186666666666667 0.05877616747181964 0.06666666666666667
0 0.3776167471819646 0.5026666666666667 0.05152979066022544 0.07733333333333334
0 0.3888888888888889 0.5013333333333333 0.05152979066022544 0.06933333333333333
0 0.3965378421900161 0.49733333333333335 0.04911433172302738 0.06133333333333333
