0 0.5136876006441223 0.5506666666666666 0.07407407407407407 0.2693333333333333
0 0.9702093397745571 0.484 0.057971014492753624 0.5093333333333333
0 0.2665056360708535 0.6 0.12560386473429952 0.20266666666666666
0 0.16626409017713364 0.5706666666666667 0.1537842190016103 0.2613333333333333
0 0.43156199677938806 0.5253333333333333 0.05475040257648953 0.128
0 0.7467793880837359 0.5613333333333334 0.12318840579710146 0.2
0 0.5599838969404187 0.488 0.033011272141706925 0.10133333333333333
0 0.6006441223832528 0.4533333333333333 0.040257648953301126 0.128
0 0.8240740740740741 0.54 0.13768115942028986 0.21066666666666667
0 0.9210950080515298 0.556 0.15619967793880837 0.184
0 0.5543478260869565 0.43333333333333335 0.03784219001610306 0.184
0 0.04508856682769726 0.6026666666666667 0.09017713365539452 0.18133333333333335
