0 0.500805152979066 0.5293333333333333 0.04669887278582931 0.14666666666666667
0 0.784219001610306 0.6666666666666666 0.21739130434782608 0.432
0 0.7028985507246377 0.592 0.15780998389694043 0.2773333333333333
0 0.6690821256038647 0.5386666666666666 0.12399355877616747 0.21866666666666668
0 0.6030595813204509 0.5013333333333333 0.10466988727858294 0.176
0 0.5752818035426731 0.504 0.0748792270531401 0.10133333333333333
0 0.5471014492753623 0.48533333333333334 0.04750402576489533 0.064
0 0.26972624798711753 0.5253333333333333 0.06924315619967794 0.12266666666666666
0 0.40700483091787437 0.468 0.04106280193236715 0.12533333333333332
0 0.3115942028985507 0.5146666666666667 0.0499194847020934 0.096
0 0.3446054750402576 0.512 0.037037037037037035 0.064
0 0.39090177133655396 0.48933333333333334 0.02818035426731079 0.050666666666666665
0 0.25483091787439616 0.512 0.04106280193236715 0.08
