0 0.09098228663446055 0.7413333333333333 0.1819645732689211 0.512
0 0.11272141706924316 0.672 0.22544283413848631 0.4053333333333333
0 0.15901771336553946 0.624 0.27616747181964574 0.32
0 0.19927536231884058 0.5853333333333334 0.1747181964573269 0.24266666666666667
0 0.26006441223832527 0.588 0.15942028985507245 0.2
0 0.27697262479871176 0.5653333333333334 0.15619967793880837 0.176
0 0.322061191626409 0.528 0.10950080515297907 0.14933333333333335
0 0.33776167471819646 0.52 0.11030595813204509 0.16533333333333333
1 0.44847020933977455 0.5146666666666667 0.00966183574879227 0.08
0 0.6964573268921095 0.7093333333333334 0.178743961352657 0.39466666666666667
0 0.7640901771336553 0.588 0.1996779388083736 0.25333333333333335
0 0.677536231884058 0.5613333333333334 0.11674718196457327 0.15733333333333333
0 0.6388888888888888 0.544 0.107085346215781 0.13333333333333333
0 0.6195652173913043 0.5333333333333333 0.10064412238325282 0.10666666666666667
0 0.6135265700483091 0.5253333333333333 0.08373590982286634 0.12266666666666666
0 0.38446054750402575 0.5186666666666667 0.0748792270531401 0.08266666666666667
0 0.39855072463768115 0.512 0.0644122383252818 0.07466666666666667
0 0.5249597423510467 0.5146666666666667 0.027375201288244767 0.06933333333333333
0 0.501207729468599 0.4706666666666667 0.012077294685990338 0.04533333333333334
