0 0.8840579710144928 0.676 0.23027375201288244 0.584
0 0.20652173913043478 0.7506666666666667 0.25684380032206117 0.49333333333333335
0 0.35829307568438 0.6146666666666667 0.0998389694041868 0.22666666666666666
0 0.3993558776167472 0.568 0.07246376811594203 0.16533333333333333
0 0.5861513687600645 0.5506666666666666 0.061191626409017714 0.184
0 0.8498389694041868 0.5613333333333334 0.27294685990338163 0.28
0 0.42391304347826086 0.5266666666666666 0.04106280193236715 0.12
0 0.43156199677938806 0.512 0.04669887278582931 0.09066666666666667
0 0.3329307568438003 0.49066666666666664 0.050724637681159424 0.058666666666666666
0 0.6014492753623188 0.5346666666666666 0.06280193236714976 0.136
0 0.6364734299516909 0.5093333333333333 0.06521739130434782 0.12266666666666666
0 0.7544283413848631 0.464 0.06280193236714976 0.06933333333333333
