0 0.4778582930756844 0.556 0.04750402576489533 0.13066666666666665
0 0.09017713365539452 0.7213333333333334 0.18035426731078905 0.408
0 0.2318840579710145 0.784 0.2882447665056361 0.4266666666666667
0 0.3498389694041868 0.6506666666666666 0.11030595813204509 0.288
0 0.37962962962962965 0.5986666666666667 0.07648953301127215 0.184
0 0.2975040257648953 0.5853333333333334 0.10064412238325282 0.15733333333333333
0 0.43719806763285024 0.5226666666666666 0.027375201288244767 0.06933333333333333
0 0.8715780998389694 0.7733333333333333 0.25523349436392917 0.448
0 0.7407407407407407 0.7666666666666667 0.27697262479871176 0.4613333333333333
0 0.6123188405797102 0.6093333333333333 0.10225442834138486 0.264
0 0.5245571658615137 0.5373333333333333 0.03784219001610306 0.09333333333333334
0 0.5213365539452496 0.464 0.04589371980676329 0.176
2 0.5648148148148148 0.512 0.010466988727858293 0.096
0 0.19082125603864733 0.5426666666666666 0.07085346215780998 0.09333333333333334
0 0.4754428341384863 0.532 0.029790660225442835 0.09333333333333334
0 0.059178743961352656 0.5746666666666667 0.11513687600644122 0.14133333333333334
