0 0.48267526188557613 0.5199468085106383 0.030620467365028204 0.09308510638297872
0 0.1442385173247381 0.7566489361702128 0.2884770346494762 0.48138297872340424
0 0.0862207896857373 0.675531914893617 0.1724415793714746 0.3404255319148936
0 0.282433521353747 0.5691489361702128 0.08138597904915391 0.14361702127659576
0 0.3799355358581789 0.586436170212766 0.07977437550362611 0.17287234042553193
0 0.34045124899274776 0.535904255319149 0.05076551168412571 0.09840425531914894
0 0.40692989524576956 0.5332446808510638 0.040290088638195005 0.08776595744680851
0 0.4347300564061241 0.48271276595744683 0.029814665592264304 0.11436170212765957
0 0.032232070910556 0.6183510638297872 0.064464141821112 0.23138297872340424
0 0.11361804995970991 0.5851063829787234 0.13376309427880742 0.17553191489361702
0 0.24899274778404512 0.5412234042553191 0.06124093473005641 0.09308510638297872
