0 0.3776167471819646 0.496 0.028985507246376812 0.10133333333333333
1 0.4331723027375201 0.5786666666666667 0.043478260869565216 0.26666666666666666
0 0.8635265700483091 0.728 0.2713365539452496 0.5386666666666666
0 0.6082930756843801 0.6573333333333333 0.177938808373591 0.36
0 0.13848631239935588 0.68 0.17713365539452497 0.31466666666666665
0 0.21578099838969403 0.596 0.10144927536231885 0.232
0 0.5060386473429952 0.56 0.08454106280193237 0.208
0 0.46980676328502413 0.5413333333333333 0.06682769726247988 0.14933333333333335
0 0.25442834138486314 0.5826666666666667 0.057971014492753624 0.14666666666666667
2 0.5966183574879227 0.5213333333333333 0.024154589371980676 0.18933333333333333
0 0.2725442834138486 0.5506666666666666 0.04428341384863124 0.10933333333333334
0 0.44605475040257647 0.5253333333333333 0.043478260869565216 0.10666666666666667
