0 0.6871980676328503 0.6693333333333333 0.19243156199677938 0.4106666666666667
0 0.07085346215780998 0.668 0.14170692431561996 0.28
0 0.9496779388083736 0.76 0.09903381642512077 0.4746666666666667
0 0.607487922705314 0.5666666666666667 0.08776167471819646 0.22133333333333333
0 0.32407407407407407 0.6093333333333333 0.09742351046698873 0.21066666666666667
0 0.3695652173913043 0.5533333333333333 0.06602254428341385 0.17333333333333334
0 0.5611916264090178 0.532 0.05152979066022544 0.136
0 0.40136876006441224 0.5386666666666666 0.04750402576489533 0.13333333333333333
0 0.5531400966183575 0.52 0.04669887278582931 0.10133333333333333
0 0.5406602254428341 0.4693333333333333 0.04589371980676329 0.16
0 0.5132850241545893 0.49066666666666664 0.018518518518518517 0.048
0 0.4384057971014493 0.504 0.020128824476650563 0.042666666666666665
