0 0.10185185185185185 0.7133333333333334 0.2037037037037037 0.42933333333333334
0 0.12318840579710146 0.64 0.2463768115942029 0.3253333333333333
0 0.6119162640901772 0.612 0.09339774557165861 0.21066666666666667
0 0.21900161030595813 0.612 0.19001610305958133 0.248
0 0.2608695652173913 0.5773333333333334 0.1497584541062802 0.23733333333333334
0 0.3031400966183575 0.5573333333333333 0.11191626409017713 0.17066666666666666
0 0.6606280193236715 0.56 0.11513687600644122 0.12266666666666666
0 0.3522544283413849 0.5026666666666667 0.09098228663446055 0.15733333333333333
0 0.5269726247987118 0.48933333333333334 0.033011272141706925 0.11466666666666667
0 0.38687600644122383 0.5146666666666667 0.07004830917874397 0.07466666666666667
0 0.4037842190016103 0.5053333333333333 0.06038647342995169 0.08266666666666667
0 0.5136876006441223 0.4786666666666667 0.02254428341384863 0.088
