0 0.8325281803542673 0.716 0.3333333333333333 0.5626666666666666
0 0.07971014492753623 0.736 0.15942028985507245 0.44266666666666665
0 0.6598228663446055 0.6506666666666666 0.15539452495974235 0.31466666666666665
0 0.5740740740740741 0.544 0.06280193236714976 0.176
0 0.2914653784219002 0.56 0.1497584541062802 0.176
0 0.3196457326892109 0.5213333333333333 0.0966183574879227 0.168
0 0.3687600644122383 0.52 0.07890499194847021 0.10133333333333333
0 0.41304347826086957 0.476 0.05314009661835749 0.08266666666666667
0 0.538244766505636 0.512 0.033011272141706925 0.08533333333333333
0 0.5116747181964574 0.48 0.016908212560386472 0.042666666666666665
