2 0.7103758169934641 0.6472972972972973 0.056372549019607844 0.5216216216216216
2 0.6319444444444444 0.5445945945945946 0.031862745098039214 0.3162162162162162
2 0.6405228758169934 0.5445945945945946 0.026143790849673203 0.3054054054054054
2 0.5400326797385621 0.4635135135135135 0.016339869281045753 0.16486486486486487
2 0.24591503267973855 0.5364864864864864 0.032679738562091505 0.327027027027027
2 0.3999183006535948 0.48783783783783785 0.01715686274509804 0.15405405405405406
2 0.41421568627450983 0.4837837837837838 0.016339869281045753 0.16216216216216217
2 0.3533496732026144 0.48243243243243245 0.022058823529411766 0.21351351351351353
2 0.3386437908496732 0.4702702702702703 0.015522875816993464 0.1837837837837838
2 0.5126633986928104 0.4540540540540541 0.013888888888888888 0.14594594594594595
0 0.10947712418300654 0.49864864864864866 0.21895424836601307 0.9972972972972973
