0 0.8872785829307569 0.7653333333333333 0.22383252818035426 0.464
0 0.19444444444444445 0.5786666666666667 0.14090177133655393 0.18133333333333335
2 0.3329307568438003 0.536 0.018518518518518517 0.18133333333333335
1 0.8433977455716586 0.5626666666666666 0.10869565217391304 0.25066666666666665
0 0.4923510466988728 0.5053333333333333 0.07648953301127215 0.09866666666666667
0 0.6835748792270532 0.48933333333333334 0.0821256038647343 0.08266666666666667
0 0.9053945249597424 0.4706666666666667 0.0893719806763285 0.10933333333333334
0 0.4810789049919485 0.5026666666666667 0.05555555555555555 0.07733333333333334
0 0.2359098228663446 0.5226666666666666 0.07729468599033816 0.09066666666666667
0 0.4673913043478261 0.492 0.020128824476650563 0.04533333333333334
0 0.4355877616747182 0.49333333333333335 0.024154589371980676 0.048
