2 0.15136876006441224 0.496 0.030595813204508857 0.13866666666666666
0 0.15619967793880837 0.472 0.0644122383252818 0.15466666666666667
0 0.20652173913043478 0.49066666666666664 0.06038647342995169 0.112
0 0.2648953301127214 0.4786666666666667 0.06763285024154589 0.09333333333333334
0 0.41586151368760066 0.46266666666666667 0.06038647342995169 0.10933333333333334
0 0.4396135265700483 0.468 0.04508856682769726 0.072
0 0.4778582930756844 0.464 0.04750402576489533 0.07466666666666667
0 0.5056360708534622 0.47333333333333333 0.0499194847020934 0.056
0 0.5305958132045089 0.4706666666666667 0.037037037037037035 0.056
0 0.5491143317230274 0.472 0.04186795491143317 0.05333333333333334
0 0.571658615136876 0.4666666666666667 0.04830917874396135 0.058666666666666666
0 0.605072463768116 0.448 0.04911433172302738 0.07466666666666667
0 0.6227858293075684 0.4573333333333333 0.0426731078904992 0.050666666666666665
0 0.6392914653784219 0.45866666666666667 0.037037037037037035 0.048
