0 0.5148953301127214 0.5826666666666667 0.061996779388083734 0.19466666666666665
0 0.6574074074074074 0.5653333333333334 0.1215780998389694 0.19733333333333333
0 0.5946054750402576 0.5373333333333333 0.06843800322061191 0.11466666666666667
0 0.5692431561996779 0.5266666666666666 0.05958132045088567 0.08266666666666667
0 0.03985507246376811 0.6706666666666666 0.07971014492753623 0.24266666666666667
0 0.3494363929146538 0.5586666666666666 0.05958132045088567 0.12
0 0.42914653784219003 0.5226666666666666 0.030595813204508857 0.07466666666666667
0 0.46497584541062803 0.5093333333333333 0.021739130434782608 0.05333333333333334
0 0.27938808373590984 0.5666666666666667 0.07246376811594203 0.11466666666666667
0 0.3168276972624799 0.54 0.04911433172302738 0.10933333333333334
0 0.3679549114331723 0.5253333333333333 0.03864734299516908 0.07466666666666667
0 0.42028985507246375 0.5186666666666667 0.033816425120772944 0.050666666666666665
0 0.16867954911433172 0.56 0.07809983896940419 0.11733333333333333
0 0.16505636070853463 0.5373333333333333 0.07890499194847021 0.08266666666666667
