0 0.48509266720386784 0.5186170212765957 0.032232070910556 0.09574468085106383
0 0.04069298952457696 0.6675531914893617 0.08138597904915391 0.3882978723404255
0 0.23327961321514906 0.714095744680851 0.22159548751007252 0.42819148936170215
0 0.17848509266720386 0.6090425531914894 0.1506849315068493 0.22872340425531915
0 0.31184528605962936 0.5531914893617021 0.06607574536663981 0.12234042553191489
0 0.39766317485898467 0.5625 0.0652699435938759 0.14095744680851063
0 0.3581788879935536 0.5252659574468085 0.0427074939564867 0.08776595744680851
0 0.44077356970185333 0.4787234042553192 0.0273972602739726 0.10638297872340426
0 0.0821917808219178 0.5877659574468085 0.1563255439161966 0.20212765957446807
0 0.2784045124899275 0.5292553191489362 0.05076551168412571 0.0797872340425532
