2 0.9624394184168013 0.6216577540106952 0.07350565428109855 0.7513368983957219
2 0.9349757673667205 0.6122994652406417 0.1284329563812601 0.7700534759358288
2 0.23667205169628433 0.7954545454545454 0.1147011308562197 0.4037433155080214
2 0.40306946688206785 0.6002673796791443 0.03715670436187399 0.35561497326203206
2 0.3715670436187399 0.6149732620320856 0.0420032310177706 0.35294117647058826
2 0.5080775444264943 0.5254010695187166 0.024232633279483037 0.21122994652406418
2 0.5105008077544426 0.4959893048128342 0.024232633279483037 0.15240641711229946
2 0.5484652665589661 0.5254010695187166 0.01615508885298869 0.20588235294117646
2 0.5945072697899838 0.49331550802139035 0.01615508885298869 0.17379679144385027
0 0.46445880452342486 0.4786096256684492 0.027463651050080775 0.06951871657754011
2 0.3505654281098546 0.5401069518716578 0.022617124394184167 0.20855614973262032
2 0.5722940226171244 0.5133689839572193 0.018578352180936994 0.17647058823529413
