0 0.06239935587761675 0.772 0.1247987117552335 0.45066666666666666
0 0.19524959742351047 0.7453333333333333 0.27294685990338163 0.4826666666666667
0 0.9750402576489533 0.5333333333333333 0.04830917874396135 0.29333333333333333
0 0.8743961352657005 0.5466666666666666 0.12721417069243157 0.24
0 0.7983091787439613 0.5333333333333333 0.107085346215781 0.20266666666666666
0 0.7616747181964574 0.5173333333333333 0.10305958132045089 0.16533333333333333
0 0.7298711755233495 0.5093333333333333 0.09742351046698873 0.14933333333333335
0 0.7045088566827697 0.512 0.0966183574879227 0.12266666666666666
0 0.6123188405797102 0.5813333333333334 0.09420289855072464 0.24
0 0.5805152979066023 0.5506666666666666 0.05958132045088567 0.14133333333333334
0 0.3820450885668277 0.5626666666666666 0.07809983896940419 0.176
0 0.41223832528180354 0.5213333333333333 0.061191626409017714 0.168
0 0.6300322061191627 0.488 0.07004830917874397 0.10133333333333333
0 0.5173107890499195 0.4533333333333333 0.04750402576489533 0.16533333333333333
