0 0.4887278582930757 0.504 0.02254428341384863 0.07466666666666667
0 0.821658615136876 0.7426666666666667 0.35507246376811596 0.5093333333333333
0 0.6662640901771336 0.6373333333333333 0.14412238325281804 0.336
2 0.6002415458937198 0.5146666666666667 0.013687600644122383 0.13866666666666666
0 0.5628019323671497 0.532 0.05152979066022544 0.13066666666666665
0 0.5438808373590982 0.5226666666666666 0.036231884057971016 0.10666666666666667
0 0.5273752012882448 0.49466666666666664 0.02254428341384863 0.072
0 0.322061191626409 0.5573333333333333 0.05636070853462158 0.112
0 0.34863123993558776 0.536 0.04508856682769726 0.10133333333333333
0 0.3756038647342995 0.5213333333333333 0.036231884057971016 0.07733333333333334
