0 0.059178743961352656 0.78 0.11835748792270531 0.43466666666666665
0 0.3083735909822866 0.6866666666666666 0.14814814814814814 0.33866666666666667
0 0.1473429951690821 0.712 0.214170692431562 0.368
1 0.7584541062801933 0.6946666666666667 0.1529790660225443 0.408
1 0.8635265700483091 0.7453333333333333 0.19243156199677938 0.504
0 0.41505636070853463 0.5613333333333334 0.04750402576489533 0.136
0 0.44122383252818037 0.5306666666666666 0.027375201288244767 0.08
0 0.45088566827697263 0.5026666666666667 0.02254428341384863 0.088
0 0.5615942028985508 0.54 0.08454106280193237 0.10933333333333334
0 0.5519323671497585 0.528 0.0748792270531401 0.08533333333333333
0 0.5273752012882448 0.5186666666666667 0.05636070853462158 0.07733333333333334
0 0.46256038647342995 0.49866666666666665 0.016908212560386472 0.05333333333333334
0 0.38164251207729466 0.5746666666666667 0.08373590982286634 0.24266666666666667
