0 0.4605475040257649 0.5386666666666666 0.037037037037037035 0.10133333333333333
0 0.2717391304347826 0.7586666666666667 0.2391304347826087 0.47733333333333333
0 0.2069243156199678 0.616 0.16908212560386474 0.26666666666666666
0 0.31843800322061194 0.5546666666666666 0.10064412238325282 0.12266666666666666
0 0.3466183574879227 0.5386666666666666 0.07648953301127215 0.11733333333333333
0 0.37721417069243157 0.5293333333333333 0.06682769726247988 0.08266666666666667
0 0.39371980676328505 0.5253333333333333 0.0499194847020934 0.07466666666666667
0 0.4025764895330113 0.5026666666666667 0.05314009661835749 0.08266666666666667
0 0.7870370370370371 0.49866666666666665 0.3003220611916264 0.9973333333333333
0 0.5680354267310789 0.5773333333333334 0.071658615136876 0.184
0 0.53341384863124 0.54 0.04428341384863124 0.10933333333333334
0 0.5177133655394525 0.4653333333333333 0.0499194847020934 0.20533333333333334
0 0.0998389694041868 0.5613333333333334 0.11272141706924316 0.136
0 0.463365539452496 0.5186666666666667 0.02818035426731079 0.08266666666666667
