2 0.9094202898550725 0.5866666666666667 0.07648953301127215 0.512
1 0.2290660225442834 0.6866666666666666 0.09581320450885668 0.49866666666666665
0 0.7705314009661836 0.7213333333333334 0.2721417069243156 0.552
0 0.6324476650563607 0.588 0.1247987117552335 0.33866666666666667
0 0.5873590982286635 0.536 0.08132045088566828 0.23466666666666666
0 0.5656199677938808 0.528 0.050724637681159424 0.14933333333333335
2 0.5305958132045089 0.476 0.008051529790660225 0.09866666666666667
2 0.533011272141707 0.47733333333333333 0.011272141706924315 0.096
0 0.4388083735909823 0.48133333333333334 0.02254428341384863 0.07733333333333334
2 0.48752012882447665 0.4746666666666667 0.007246376811594203 0.064
0 0.37681159420289856 0.5293333333333333 0.0499194847020934 0.12
0 0.03462157809983897 0.7813333333333333 0.06924315619967794 0.432
0 0.12681159420289856 0.7413333333333333 0.2536231884057971 0.45866666666666667
0 0.2669082125603865 0.6226666666666667 0.1360708534621578 0.264
0 0.3305152979066023 0.556 0.08293075684380032 0.184
