0 0.5132850241545893 0.5906666666666667 0.06521739130434782 0.17866666666666667
0 0.26851851851851855 0.5453333333333333 0.06360708534621579 0.10933333333333334
1 0.6763285024154589 0.5493333333333333 0.0644122383252818 0.16
0 0.5591787439613527 0.5106666666666667 0.04428341384863124 0.152
2 0.4102254428341385 0.544 0.012077294685990338 0.16
0 0.3413848631239936 0.5146666666666667 0.03542673107890499 0.08
0 0.39855072463768115 0.532 0.06924315619967794 0.104
0 0.41586151368760066 0.5253333333333333 0.06360708534621579 0.07466666666666667
0 0.4331723027375201 0.5266666666666666 0.04830917874396135 0.06666666666666667
0 0.4863123993558776 0.5426666666666666 0.037037037037037035 0.10933333333333334
