0 0.9464869281045751 0.5662162162162162 0.1053921568627451 0.13783783783783785
0 0.8941993464052288 0.5608108108108109 0.10212418300653595 0.13243243243243244
0 0.8251633986928104 0.5608108108108109 0.09477124183006536 0.14324324324324325
0 0.505718954248366 0.5054054054054054 0.027777777777777776 0.08108108108108109
2 0.16299019607843138 0.47297297297297297 0.013888888888888888 0.12972972972972974
2 0.2107843137254902 0.5013513513513513 0.017973856209150325 0.17027027027027028
1 0.5490196078431373 0.5297297297297298 0.04738562091503268 0.24324324324324326
2 0.20220588235294118 0.4797297297297297 0.013888888888888888 0.13243243243243244
2 0.37173202614379086 0.5702702702702702 0.029411764705882353 0.2972972972972973
2 0.40604575163398693 0.5621621621621622 0.05718954248366013 0.2810810810810811
2 0.4415849673202614 0.5716216216216217 0.03839869281045752 0.3108108108108108
2 0.6523692810457516 0.6256756756756757 0.051470588235294115 0.44594594594594594
2 0.6609477124183006 0.6135135135135135 0.05718954248366013 0.4
2 0.48366013071895425 0.6418918918918919 0.04738562091503268 0.4189189189189189
2 0.5098039215686274 0.6175675675675676 0.0457516339869281 0.3972972972972973
2 0.5498366013071896 0.6094594594594595 0.03758169934640523 0.34864864864864864
2 0.3937908496732026 0.5864864864864865 0.032679738562091505 0.33513513513513515
