0 0.6151368760064412 0.568 0.0853462157809984 0.304
0 0.35466988727858295 0.6106666666666667 0.1280193236714976 0.21333333333333335
0 0.2580515297906602 0.5773333333333334 0.1473429951690821 0.264
0 0.5201288244766505 0.5333333333333333 0.05314009661835749 0.13866666666666666
0 0.8997584541062802 0.5853333333333334 0.16988727858293076 0.24266666666666667
0 0.6606280193236715 0.492 0.039452495974235106 0.10933333333333334
0 0.7024959742351047 0.456 0.04589371980676329 0.13866666666666666
0 0.9524959742351047 0.5586666666666666 0.09339774557165861 0.25333333333333335
0 0.6529790660225443 0.432 0.04508856682769726 0.19733333333333333
0 0.10587761674718196 0.6106666666666667 0.1682769726247987 0.192
0 0.035829307568438 0.608 0.071658615136876 0.14933333333333335
