0 0.9359903381642513 0.776 0.12640901771336555 0.44266666666666665
0 0.14210950080515297 0.7826666666666666 0.28421900161030594 0.42933333333333334
0 0.6360708534621579 0.636 0.12560386473429952 0.296
0 0.32971014492753625 0.6053333333333333 0.10225442834138486 0.22933333333333333
0 0.39814814814814814 0.544 0.0426731078904992 0.112
1 0.4585346215780998 0.5066666666666667 0.008856682769726247 0.06933333333333333
1 0.46859903381642515 0.5026666666666667 0.008051529790660225 0.06133333333333333
0 0.4243156199677939 0.524 0.027375201288244767 0.06666666666666667
0 0.5193236714975845 0.49733333333333335 0.01610305958132045 0.04533333333333334
0 0.5507246376811594 0.528 0.04508856682769726 0.12266666666666666
