0 0.894524959742351 0.7186666666666667 0.20933977455716588 0.5573333333333333
0 0.1252012882447665 0.648 0.250402576489533 0.49066666666666664
0 0.057971014492753624 0.736 0.11594202898550725 0.5226666666666666
0 0.7588566827697263 0.7586666666666667 0.2648953301127214 0.47733333333333333
0 0.13405797101449277 0.6173333333333333 0.24235104669887278 0.36533333333333334
0 0.213768115942029 0.6133333333333333 0.1892109500805153 0.256
0 0.24355877616747182 0.588 0.18760064412238325 0.22666666666666666
0 0.3285024154589372 0.5493333333333333 0.1143317230273752 0.13866666666666666
0 0.3603059581320451 0.5293333333333333 0.08776167471819646 0.136
0 0.5599838969404187 0.5533333333333333 0.04911433172302738 0.12533333333333332
0 0.6356682769726248 0.6386666666666667 0.11996779388083736 0.2853333333333333
0 0.5374396135265701 0.5226666666666666 0.033011272141706925 0.096
0 0.38727858293075684 0.5226666666666666 0.07407407407407407 0.09066666666666667
