0 0.6517713365539453 0.592 0.107085346215781 0.224
0 0.53341384863124 0.49066666666666664 0.05555555555555555 0.064
2 0.40458937198067635 0.5093333333333333 0.010466988727858293 0.112
1 0.6968599033816425 0.5226666666666666 0.050724637681159424 0.13333333333333333
0 0.6815619967793881 0.47733333333333333 0.05555555555555555 0.06933333333333333
0 0.8188405797101449 0.468 0.07246376811594203 0.06666666666666667
0 0.9685990338164251 0.46 0.061191626409017714 0.088
0 0.3252818035426731 0.5106666666666667 0.05152979066022544 0.06666666666666667
0 0.22745571658615138 0.5133333333333333 0.04428341384863124 0.06133333333333333
0 0.4855072463768116 0.4866666666666667 0.017713365539452495 0.04
0 0.4585346215780998 0.4866666666666667 0.020128824476650563 0.04
