0 0.03260869565217391 0.7 0.06521739130434782 0.36
0 0.12198067632850242 0.6186666666666667 0.1892109500805153 0.24533333333333332
0 0.18961352657004832 0.576 0.1537842190016103 0.19733333333333333
0 0.2278582930756844 0.5693333333333334 0.14009661835748793 0.15733333333333333
0 0.26570048309178745 0.5413333333333333 0.12399355877616747 0.16
0 0.2962962962962963 0.544 0.0966183574879227 0.12266666666666666
0 0.31199677938808373 0.5306666666666666 0.08454106280193237 0.10133333333333333
0 0.3276972624798712 0.532 0.06763285024154589 0.104
0 0.3494363929146538 0.528 0.06924315619967794 0.08
0 0.3603059581320451 0.5053333333333333 0.06038647342995169 0.088
0 0.37359098228663445 0.5093333333333333 0.05958132045088567 0.08
0 0.3836553945249597 0.5066666666666667 0.05555555555555555 0.06933333333333333
