0 0.5148953301127214 0.5666666666666667 0.061996779388083734 0.168
2 0.9339774557165862 0.5853333333333334 0.043478260869565216 0.32266666666666666
0 0.961352657004831 0.544 0.07568438003220612 0.13866666666666666
0 0.2971014492753623 0.5293333333333333 0.05152979066022544 0.09333333333333334
1 0.6457326892109501 0.524 0.05152979066022544 0.13066666666666665
0 0.5479066022544283 0.5026666666666667 0.03784219001610306 0.13066666666666665
2 0.4210950080515298 0.52 0.01288244766505636 0.13333333333333333
0 0.3643317230273752 0.504 0.02818035426731079 0.064
0 0.41264090177133655 0.5186666666666667 0.06038647342995169 0.088
0 0.48711755233494364 0.5373333333333333 0.03542673107890499 0.10933333333333334
