0 0.06884057971014493 0.7653333333333333 0.13768115942028986 0.464
0 0.9219001610305958 0.5293333333333333 0.15458937198067632 0.42933333333333334
0 0.23349436392914655 0.7066666666666667 0.19484702093397746 0.4
0 0.33132045088566825 0.6013333333333334 0.11513687600644122 0.232
0 0.8349436392914654 0.5093333333333333 0.10144927536231885 0.192
0 0.748389694041868 0.516 0.09259259259259259 0.15733333333333333
0 0.7065217391304348 0.512 0.07809983896940419 0.13866666666666666
0 0.6880032206119162 0.5093333333333333 0.07809983896940419 0.12266666666666666
0 0.6710950080515298 0.49733333333333335 0.07648953301127215 0.11466666666666667
0 0.570450885668277 0.548 0.06038647342995169 0.15733333333333333
0 0.4074074074074074 0.5333333333333333 0.05475040257648953 0.128
0 0.4247181964573269 0.5053333333333333 0.04589371980676329 0.13066666666666665
0 0.605475040257649 0.488 0.057971014492753624 0.08533333333333333
0 0.5108695652173914 0.452 0.04106280193236715 0.14133333333333334
