0 0.49516908212560384 0.5253333333333333 0.033816425120772944 0.10666666666666667
0 0.061191626409017714 0.636 0.12238325281803543 0.24266666666666667
0 0.16344605475040258 0.5786666666666667 0.12721417069243157 0.18133333333333335
0 0.6662640901771336 0.5693333333333334 0.12640901771336555 0.22133333333333333
0 0.643317230273752 0.552 0.11594202898550725 0.176
0 0.6018518518518519 0.544 0.09742351046698873 0.13866666666666666
0 0.5849436392914654 0.5306666666666666 0.08293075684380032 0.13333333333333333
0 0.5801127214170693 0.52 0.07648953301127215 0.10666666666666667
0 0.5676328502415459 0.5146666666666667 0.06924315619967794 0.10133333333333333
0 0.4396135265700483 0.49866666666666665 0.014492753623188406 0.037333333333333336
0 0.535426731078905 0.49733333333333335 0.040257648953301126 0.050666666666666665
0 0.5281803542673108 0.484 0.03542673107890499 0.050666666666666665
0 0.4106280193236715 0.49866666666666665 0.017713365539452495 0.042666666666666665
