0 0.500805152979066 0.5346666666666666 0.0499194847020934 0.15733333333333333
0 0.9061996779388084 0.7346666666666667 0.1859903381642512 0.5253333333333333
0 0.787842190016103 0.6626666666666666 0.20531400966183574 0.41333333333333333
0 0.714573268921095 0.5706666666666667 0.15217391304347827 0.288
0 0.6235909822866345 0.508 0.1215780998389694 0.21066666666666667
0 0.5853462157809984 0.5093333333333333 0.0821256038647343 0.11733333333333333
0 0.5531400966183575 0.48533333333333334 0.05152979066022544 0.06933333333333333
0 0.24154589371980675 0.5333333333333333 0.08373590982286634 0.13866666666666666
0 0.38687600644122383 0.472 0.05233494363929147 0.15466666666666667
0 0.2918679549114332 0.5226666666666666 0.0571658615136876 0.10666666666666667
0 0.33172302737520126 0.516 0.04186795491143317 0.072
0 0.38405797101449274 0.49066666666666664 0.030595813204508857 0.05333333333333334
0 0.23268921095008052 0.5186666666666667 0.04669887278582931 0.088
