2 0.5347222222222222 0.47297297297297297 0.01715686274509804 0.15675675675675677
2 0.24428104575163398 0.5364864864864864 0.03104575163398693 0.327027027027027
2 0.7193627450980392 0.7472972972972973 0.07434640522875817 0.5
2 0.7904411764705882 0.727027027027027 0.08741830065359477 0.5405405405405406
2 0.5053104575163399 0.4851351351351351 0.028594771241830064 0.1810810810810811
2 0.5257352941176471 0.5391891891891892 0.031862745098039214 0.327027027027027
2 0.5220588235294118 0.5148648648648648 0.027777777777777776 0.2891891891891892
2 0.4824346405228758 0.5391891891891892 0.031862745098039214 0.3216216216216216
2 0.4616013071895425 0.5351351351351351 0.032679738562091505 0.33513513513513515
2 0.43014705882352944 0.4756756756756757 0.02369281045751634 0.1783783783783784
2 0.4477124183006536 0.46756756756756757 0.016339869281045753 0.1891891891891892
2 0.4215686274509804 0.4702702702702703 0.017973856209150325 0.17297297297297298
2 0.4011437908496732 0.4756756756756757 0.017973856209150325 0.1837837837837838
2 0.3382352941176471 0.4743243243243243 0.0196078431372549 0.1810810810810811
2 0.3570261437908497 0.4797297297297297 0.016339869281045753 0.15945945945945947
2 0.377859477124183 0.4702702702702703 0.01715686274509804 0.1837837837837838
0 0.1090686274509804 0.49864864864864866 0.2181372549019608 0.9972972972972973
