0 0.4693795326349718 0.5425531914893617 0.0443190975020145 0.13297872340425532
0 0.14786462530217567 0.7367021276595744 0.29572925060435135 0.5212765957446809
0 0.23489121676067687 0.5691489361702128 0.10717163577759871 0.19680851063829788
0 0.39000805801772764 0.5625 0.07091055600322321 0.17819148936170212
0 0.32917002417405317 0.5332446808510638 0.04915390813859791 0.09840425531914894
0 0.20145044319097502 0.5492021276595744 0.0789685737308622 0.1196808510638298
0 0.41579371474617244 0.5279255319148937 0.037066881547139406 0.09308510638297872
0 0.4339242546333602 0.511968085106383 0.0249798549556809 0.061170212765957445
0 0.4443996776792909 0.4800531914893617 0.016921837228041903 0.07180851063829788
0 0.2977437550362611 0.5212765957446809 0.0427074939564867 0.0797872340425532
0 0.047139403706688156 0.6077127659574468 0.09427880741337631 0.21010638297872342
