0 0.15982286634460546 0.7586666666666667 0.3196457326892109 0.47733333333333333
0 0.570450885668277 0.5533333333333333 0.07971014492753623 0.184
0 0.855877616747182 0.764 0.286634460547504 0.4666666666666667
0 0.2427536231884058 0.7053333333333334 0.21497584541062803 0.42933333333333334
2 0.16344605475040258 0.6333333333333333 0.040257648953301126 0.44533333333333336
2 0.21859903381642512 0.5946666666666667 0.023349436392914653 0.3253333333333333
0 0.43196457326892107 0.5146666666666667 0.036231884057971016 0.10666666666666667
0 0.533011272141707 0.5106666666666667 0.043478260869565216 0.10933333333333334
2 0.22946859903381642 0.6266666666666667 0.02254428341384863 0.336
0 0.44605475040257647 0.49866666666666665 0.024154589371980676 0.064
0 0.5136876006441223 0.4866666666666667 0.02254428341384863 0.07733333333333334
