2 0.5735294117647058 0.4783783783783784 0.013071895424836602 0.15675675675675677
2 0.2369281045751634 0.5162162162162162 0.03594771241830065 0.32432432432432434
2 0.8868464052287581 0.6905405405405406 0.08905228758169935 0.6135135135135135
2 0.8811274509803921 0.6675675675675675 0.136437908496732 0.6594594594594595
2 0.7994281045751634 0.6878378378378378 0.10212418300653595 0.6189189189189189
2 0.8713235294117647 0.6756756756756757 0.21977124183006536 0.6432432432432432
2 0.49836601307189543 0.527027027027027 0.032679738562091505 0.2918918918918919
2 0.5351307189542484 0.5108108108108108 0.03104575163398693 0.3027027027027027
2 0.47794117647058826 0.49864864864864866 0.026143790849673203 0.24054054054054055
2 0.45751633986928103 0.5 0.026143790849673203 0.24864864864864866
2 0.5232843137254902 0.49324324324324326 0.031862745098039214 0.20270270270270271
2 0.37540849673202614 0.5054054054054054 0.02369281045751634 0.25405405405405407
2 0.39869281045751637 0.5067567567567568 0.0196078431372549 0.21351351351351353
2 0.42034313725490197 0.48783783783783785 0.02369281045751634 0.24054054054054055
2 0.4452614379084967 0.5108108108108108 0.0196078431372549 0.2
0 0.1090686274509804 0.49864864864864866 0.2181372549019608 0.9972972972972973
