2 0.6433764135702746 0.679144385026738 0.05573505654281099 0.47593582887700536
2 0.7019386106623586 0.6617647058823529 0.06785137318255251 0.4893048128342246
2 0.03998384491114701 0.6925133689839572 0.062197092084006464 0.48663101604278075
2 0.3150242326332795 0.5909090909090909 0.03877221324717286 0.29411764705882354
2 0.5456381260096931 0.5481283422459893 0.021809369951534735 0.20320855614973263
2 0.7063812600969306 0.5748663101604278 0.06704361873990307 0.31016042780748665
2 0.9147819063004846 0.5802139037433155 0.07189014539579967 0.4117647058823529
2 0.8348142164781907 0.5628342245989305 0.0395799676898223 0.3235294117647059
2 0.3647011308562197 0.5641711229946524 0.02665589660743134 0.19786096256684493
2 0.3376413570274637 0.5628342245989305 0.025848142164781908 0.20588235294117646
2 0.962843295638126 0.5735294117647058 0.0630048465266559 0.393048128342246
0 0.4418416801292407 0.4919786096256685 0.025848142164781908 0.0855614973262032
0 0.37035541195476573 0.516042780748663 0.0654281098546042 0.18181818181818182
0 0.3945880452342488 0.5066844919786097 0.04281098546042003 0.14171122994652408
