0 0.49114331723027377 0.5053333333333333 0.01932367149758454 0.06133333333333333
0 0.8429951690821256 0.7453333333333333 0.31239935587761675 0.504
0 0.44484702093397743 0.5226666666666666 0.029790660225442835 0.08
0 0.6207729468599034 0.6 0.09500805152979067 0.22933333333333333
0 0.5817230273752013 0.56 0.071658615136876 0.18666666666666668
0 0.5640096618357487 0.536 0.04911433172302738 0.15466666666666667
0 0.5418679549114331 0.5226666666666666 0.037037037037037035 0.096
0 0.5241545893719807 0.5013333333333333 0.020933977455716585 0.064
0 0.355877616747182 0.5146666666666667 0.04669887278582931 0.058666666666666666
0 0.2946859903381642 0.5186666666666667 0.05314009661835749 0.06133333333333333
2 0.6115136876006442 0.508 0.016908212560386472 0.15733333333333333
