0 0.11513687600644122 0.744 0.23027375201288244 0.4053333333333333
0 0.3494363929146538 0.6346666666666667 0.0998389694041868 0.24
0 0.23671497584541062 0.656 0.13365539452495975 0.256
1 0.6823671497584541 0.6186666666666667 0.09742351046698873 0.272
0 0.9520933977455717 0.548 0.09420289855072464 0.28
1 0.716988727858293 0.636 0.107085346215781 0.32266666666666666
2 0.15780998389694043 0.6133333333333333 0.024154589371980676 0.24533333333333332
0 0.41827697262479874 0.5546666666666666 0.04106280193236715 0.11733333333333333
0 0.44363929146537845 0.5253333333333333 0.020933977455716585 0.064
0 0.45209339774557167 0.49733333333333335 0.016908212560386472 0.06666666666666667
0 0.5462962962962963 0.532 0.0748792270531401 0.09866666666666667
0 0.5189210950080515 0.5133333333333333 0.05233494363929147 0.072
0 0.39371980676328505 0.5573333333333333 0.06602254428341385 0.19733333333333333
