0 0.9009661835748792 0.7546666666666667 0.1964573268921095 0.48533333333333334
0 0.7419484702093397 0.732 0.24074074074074073 0.5146666666666667
0 0.15177133655394526 0.7653333333333333 0.2665056360708535 0.464
0 0.2971014492753623 0.6413333333333333 0.12077294685990338 0.2853333333333333
0 0.5994363929146538 0.5933333333333334 0.0861513687600644 0.21066666666666667
0 0.3615136876006441 0.5773333333333334 0.07407407407407407 0.18933333333333333
0 0.573268921095008 0.5533333333333333 0.0644122383252818 0.14133333333333334
0 0.5515297906602254 0.496 0.05958132045088567 0.20266666666666666
0 0.5140901771336553 0.524 0.021739130434782608 0.056
0 0.428341384863124 0.536 0.02254428341384863 0.05333333333333334
0 0.5 0.52 0.02576489533011272 0.058666666666666666
0 0.47906602254428343 0.52 0.01932367149758454 0.042666666666666665
