0 0.4943639291465378 0.548 0.043478260869565216 0.12
0 0.08574879227053141 0.7493333333333333 0.17149758454106281 0.496
0 0.2028985507246377 0.6746666666666666 0.1996779388083736 0.384
0 0.32930756843800324 0.576 0.12560386473429952 0.18133333333333335
0 0.35668276972624796 0.5586666666666666 0.0966183574879227 0.15733333333333333
0 0.38486312399355876 0.5333333333333333 0.07568438003220612 0.10666666666666667
0 0.4061996779388084 0.49066666666666664 0.0861513687600644 0.15466666666666667
0 0.8900966183574879 0.7093333333333334 0.2181964573268921 0.576
2 0.6095008051529791 0.5613333333333334 0.024154589371980676 0.17866666666666667
0 0.8244766505636071 0.5773333333333334 0.17713365539452497 0.22133333333333333
0 0.49033816425120774 0.524 0.027375201288244767 0.08266666666666667
0 0.05958132045088567 0.6506666666666666 0.11916264090177134 0.30933333333333335
0 0.9424315619967794 0.5426666666666666 0.11352657004830918 0.31733333333333336
0 0.17632850241545894 0.524 0.08695652173913043 0.12533333333333332
0 0.23309178743961353 0.5226666666666666 0.05555555555555555 0.08
0 0.3353462157809984 0.4786666666666667 0.04750402576489533 0.11466666666666667
