0 0.427536231884058 0.5426666666666666 0.06763285024154589 0.248
0 0.8904991948470209 0.47333333333333333 0.21739130434782608 0.43466666666666665
0 0.19122383252818034 0.5946666666666667 0.12640901771336555 0.19733333333333333
0 0.08051529790660225 0.572 0.1610305958132045 0.264
0 0.35185185185185186 0.5173333333333333 0.05314009661835749 0.12266666666666666
0 0.6364734299516909 0.5426666666666666 0.09903381642512077 0.17333333333333334
0 0.47624798711755234 0.4786666666666667 0.03140096618357488 0.09866666666666667
0 0.5161030595813204 0.4533333333333333 0.03542673107890499 0.12266666666666666
0 0.7008856682769726 0.5226666666666666 0.10547504025764895 0.18133333333333335
0 0.7814009661835749 0.5333333333333333 0.12640901771336555 0.15466666666666667
0 0.47101449275362317 0.436 0.03542673107890499 0.17333333333333334
