0 0.2826086956521739 0.7306666666666667 0.1819645732689211 0.4106666666666667
0 0.11352657004830918 0.7706666666666667 0.22705314009661837 0.4533333333333333
1 0.8603059581320451 0.7533333333333333 0.2037037037037037 0.488
1 0.9303542673107891 0.76 0.13768115942028986 0.4746666666666667
0 0.41586151368760066 0.5746666666666667 0.050724637681159424 0.14666666666666667
0 0.4440418679549114 0.552 0.029790660225442835 0.09066666666666667
0 0.4533011272141707 0.5146666666666667 0.02576489533011272 0.096
0 0.572061191626409 0.5493333333333333 0.0893719806763285 0.11733333333333333
0 0.5595813204508857 0.5413333333333333 0.07890499194847021 0.09066666666666667
0 0.535426731078905 0.528 0.057971014492753624 0.08
0 0.46618357487922707 0.508 0.017713365539452495 0.06133333333333333
0 0.3776167471819646 0.5946666666666667 0.09339774557165861 0.26666666666666666
