0 0.1497584541062802 0.5106666666666667 0.2995169082125604 0.9733333333333334
2 0.6900161030595813 0.5346666666666666 0.030595813204508857 0.24266666666666667
1 0.3462157809983897 0.6013333333333334 0.043478260869565216 0.27466666666666667
1 0.38446054750402575 0.544 0.023349436392914653 0.18133333333333335
0 0.6034621578099839 0.58 0.0893719806763285 0.232
0 0.5656199677938808 0.5386666666666666 0.06360708534621579 0.18666666666666668
0 0.5479066022544283 0.5173333333333333 0.04911433172302738 0.15466666666666667
2 0.501610305958132 0.48 0.00966183574879227 0.08
2 0.5048309178743962 0.4826666666666667 0.00966183574879227 0.08
0 0.43800322061191627 0.4826666666666667 0.01932367149758454 0.064
0 0.3965378421900161 0.5133333333333333 0.03462157809983897 0.088
0 0.2028985507246377 0.6813333333333333 0.19484702093397746 0.3333333333333333
0 0.30152979066022545 0.5933333333333334 0.09742351046698873 0.20533333333333334
