0 0.9919484702093397 0.756 0.014492753623188406 0.4826666666666667
0 0.1324476650563607 0.772 0.2648953301127214 0.45066666666666666
0 0.24114331723027374 0.756 0.21336553945249598 0.36533333333333334
0 0.6855877616747182 0.6853333333333333 0.1956521739130435 0.3893333333333333
0 0.7520128824476651 0.54 0.16747181964573268 0.168
0 0.38687600644122383 0.5493333333333333 0.06038647342995169 0.13866666666666666
0 0.5648148148148148 0.5453333333333333 0.05394524959742351 0.14133333333333334
0 0.40177133655394526 0.5106666666666667 0.0499194847020934 0.15733333333333333
0 0.5479066022544283 0.532 0.04750402576489533 0.11466666666666667
0 0.3007246376811594 0.4826666666666667 0.1215780998389694 0.14933333333333335
0 0.4887278582930757 0.4746666666666667 0.01932367149758454 0.06933333333333333
0 0.6223832528180354 0.4573333333333333 0.07890499194847021 0.104
