0 0.1034621578099839 0.768 0.2069243156199678 0.45866666666666667
0 0.9311594202898551 0.448 0.1360708534621578 0.304
0 0.9939613526570048 0.424 0.010466988727858293 0.14933333333333335
0 0.3506441223832528 0.5986666666666667 0.09098228663446055 0.18933333333333333
0 0.25966183574879226 0.6733333333333333 0.18276972624798712 0.344
0 0.6247987117552335 0.5253333333333333 0.06924315619967794 0.144
0 0.39492753623188404 0.556 0.06038647342995169 0.14133333333333334
0 0.4251207729468599 0.5413333333333333 0.03864734299516908 0.10133333333333333
0 0.4335748792270531 0.5333333333333333 0.03462157809983897 0.08533333333333333
0 0.5370370370370371 0.5226666666666666 0.03542673107890499 0.096
0 0.6336553945249598 0.5106666666666667 0.0998389694041868 0.11466666666666667
0 0.5744766505636071 0.508 0.0426731078904992 0.07733333333333334
0 0.5406602254428341 0.4706666666666667 0.036231884057971016 0.034666666666666665
0 0.4476650563607085 0.48 0.030595813204508857 0.032
