0 0.49597423510466987 0.5253333333333333 0.03864734299516908 0.12266666666666666
0 0.3252818035426731 0.5506666666666666 0.06280193236714976 0.12
0 0.67914653784219 0.5706666666666667 0.1537842190016103 0.24
0 0.607085346215781 0.5373333333333333 0.10466988727858294 0.14666666666666667
0 0.5970209339774557 0.524 0.0861513687600644 0.12533333333333332
0 0.5893719806763285 0.5066666666666667 0.07407407407407407 0.11733333333333333
0 0.5607890499194848 0.48933333333333334 0.07004830917874397 0.10933333333333334
0 0.5487117552334944 0.49466666666666664 0.05394524959742351 0.072
0 0.33413848631239934 0.5066666666666667 0.04186795491143317 0.08533333333333333
0 0.4420289855072464 0.4613333333333333 0.024154589371980676 0.07466666666666667
0 0.35628019323671495 0.5013333333333333 0.033011272141706925 0.06933333333333333
0 0.4033816425120773 0.48933333333333334 0.020933977455716585 0.04
0 0.30958132045088566 0.5 0.026570048309178744 0.06133333333333333
0 0.11674718196457327 0.508 0.0322061191626409 0.06666666666666667
