2 0.5502450980392157 0.4689189189189189 0.01715686274509804 0.15405405405405406
2 0.2267156862745098 0.5405405405405406 0.03022875816993464 0.32972972972972975
2 0.9281045751633987 0.6621621621621622 0.14215686274509803 0.6702702702702703
2 0.6870915032679739 0.6324324324324324 0.06862745098039216 0.518918918918919
2 0.6172385620915033 0.6527027027027027 0.05310457516339869 0.5108108108108108
2 0.7859477124183006 0.6486486486486487 0.07352941176470588 0.5513513513513514
2 0.8684640522875817 0.6621621621621622 0.06209150326797386 0.5297297297297298
2 0.7418300653594772 0.5378378378378378 0.026143790849673203 0.21081081081081082
2 0.4375 0.6310810810810811 0.05310457516339869 0.4891891891891892
2 0.4722222222222222 0.6229729729729729 0.03594771241830065 0.3918918918918919
2 0.5016339869281046 0.5945945945945946 0.0392156862745098 0.43243243243243246
2 0.5359477124183006 0.6175675675675676 0.03594771241830065 0.35405405405405405
2 0.5600490196078431 0.577027027027027 0.03676470588235294 0.3810810810810811
2 0.4215686274509804 0.5148648648648648 0.029411764705882353 0.26756756756756755
2 0.4783496732026144 0.518918918918919 0.035130718954248366 0.24864864864864866
2 0.5093954248366013 0.5094594594594595 0.04003267973856209 0.26756756756756755
2 0.5584150326797386 0.5081081081081081 0.03676470588235294 0.25405405405405407
0 0.1090686274509804 0.49864864864864866 0.2181372549019608 0.9972972972972973
