0 0.6027397260273972 0.6050531914893617 0.08380338436744561 0.19414893617021275
0 0.16398066075745366 0.7566489361702128 0.3037872683319903 0.48138297872340424
0 0.36502820306204675 0.5851063829787234 0.08058017727639001 0.19148936170212766
0 0.5394842868654312 0.5319148936170213 0.0362610797743755 0.09042553191489362
0 0.22763900080580177 0.589095744680851 0.10394842868654311 0.17819148936170212
0 0.4016921837228042 0.5518617021276596 0.05076551168412571 0.1196808510638298
0 0.3166800966962127 0.550531914893617 0.05640612409347301 0.10638297872340426
0 0.35576148267526186 0.5305851063829787 0.0378726833199033 0.07712765957446809
0 0.435535858178888 0.523936170212766 0.023368251410153102 0.05851063829787234
0 0.39564867042707497 0.5066489361702128 0.0273972602739726 0.06648936170212766
0 0.48428686543110394 0.5172872340425532 0.019339242546333603 0.061170212765957445
0 0.508460918614021 0.511968085106383 0.0128928283642224 0.04521276595744681
