0 0.4935535858178888 0.5611702127659575 0.0684931506849315 0.2074468085106383
0 0.05962933118452861 0.6728723404255319 0.11925866236905722 0.31382978723404253
0 0.13819500402900886 0.7433510638297872 0.2763900080580177 0.5079787234042553
0 0.34891216760676874 0.5651595744680851 0.072522159548751 0.15159574468085107
0 0.2800161160354553 0.5438829787234043 0.07655116841257051 0.1356382978723404
0 0.395245769540693 0.5279255319148937 0.04915390813859791 0.10904255319148937
0 0.07050765511684126 0.5917553191489362 0.14101531023368252 0.19946808510638298
0 0.17647058823529413 0.5465425531914894 0.08702659145850121 0.13031914893617022
0 0.32675261885576146 0.49867021276595747 0.0394842868654311 0.08776595744680851
0 0.5427074939564867 0.4973404255319149 0.016921837228041903 0.03723404255319149
