0 0.8828502415458938 0.652 0.23268921095008052 0.6906666666666667
0 0.2028985507246377 0.6173333333333333 0.4057971014492754 0.76
2 0.6457326892109501 0.5266666666666666 0.02576489533011272 0.184
1 0.4033816425120773 0.5466666666666666 0.02254428341384863 0.16533333333333333
1 0.4174718196457327 0.5226666666666666 0.015297906602254429 0.128
0 0.0998389694041868 0.7613333333333333 0.1996779388083736 0.472
0 0.5772946859903382 0.5586666666666666 0.06280193236714976 0.168
0 0.5527375201288245 0.5293333333333333 0.050724637681159424 0.14666666666666667
2 0.4943639291465378 0.48133333333333334 0.008051529790660225 0.072
2 0.49879227053140096 0.484 0.007246376811594203 0.072
0 0.44524959742351045 0.4866666666666667 0.017713365539452495 0.06133333333333333
