2 0.8150242326332795 0.7085561497326203 0.17447495961227788 0.5775401069518716
2 0.45678513731825526 0.5628342245989305 0.033117932148626815 0.27540106951871657
2 0.7463651050080775 0.7272727272727273 0.05977382875605816 0.5401069518716578
2 0.6506462035541195 0.6951871657754011 0.049273021001615507 0.48663101604278075
2 0.6066235864297254 0.6524064171122995 0.048465266558966075 0.40106951871657753
2 0.7088045234248789 0.6082887700534759 0.03796445880452343 0.3716577540106952
2 0.6284329563812601 0.5909090909090909 0.061389337641357025 0.31016042780748665
2 0.6878029079159935 0.6657754010695187 0.04765751211631664 0.39037433155080214
2 0.6736672051696284 0.5735294117647058 0.05815831987075929 0.28609625668449196
2 0.6631663974151858 0.6256684491978609 0.05815831987075929 0.35294117647058826
0 0.45678513731825526 0.5347593582887701 0.05411954765751212 0.13903743315508021
