0 0.35466988727858295 0.644 0.1247987117552335 0.31733333333333336
0 0.8518518518518519 0.7906666666666666 0.2946859903381642 0.41333333333333333
0 0.6541867954911433 0.684 0.1473429951690821 0.376
0 0.5825281803542673 0.6173333333333333 0.0861513687600644 0.22666666666666666
0 0.3961352657004831 0.5973333333333334 0.06924315619967794 0.19733333333333333
0 0.41304347826086957 0.5653333333333334 0.05475040257648953 0.13866666666666666
0 0.5555555555555556 0.5653333333333334 0.057971014492753624 0.14933333333333335
0 0.534219001610306 0.5546666666666666 0.04428341384863124 0.11733333333333333
0 0.43760064412238325 0.536 0.03140096618357488 0.08533333333333333
0 0.4537037037037037 0.516 0.026570048309178744 0.088
0 0.463365539452496 0.516 0.0249597423510467 0.07733333333333334
