2 0.8989533011272142 0.6066666666666667 0.10225442834138486 0.504
0 0.9037842190016103 0.756 0.19082125603864733 0.4826666666666667
0 0.7640901771336553 0.696 0.21900161030595813 0.4
0 0.2745571658615137 0.6706666666666666 0.1819645732689211 0.37066666666666664
0 0.3639291465378422 0.6066666666666667 0.09017713365539452 0.216
0 0.644524959742351 0.5933333333333334 0.10064412238325282 0.216
0 0.4102254428341385 0.5506666666666666 0.05877616747181964 0.16266666666666665
0 0.46215780998389694 0.528 0.0499194847020934 0.112
0 0.6038647342995169 0.544 0.04669887278582931 0.144
0 0.5466988727858293 0.5133333333333333 0.04508856682769726 0.07733333333333334
0 0.6578099838969405 0.43466666666666665 0.03864734299516908 0.10133333333333333
