2 0.6558966074313409 0.713903743315508 0.06785137318255251 0.5668449197860963
2 0.7378836833602584 0.6978609625668449 0.0864297253634895 0.5989304812834224
2 0.19063004846526657 0.7125668449197861 0.061389337641357025 0.5427807486631016
2 0.5310985460420032 0.5601604278074866 0.023424878836833602 0.24331550802139038
2 0.595718901453958 0.5454545454545454 0.025040387722132473 0.20855614973262032
2 0.9297253634894992 0.5574866310160428 0.06462035541195477 0.31283422459893045
2 0.9305331179321487 0.5280748663101604 0.061389337641357025 0.2914438502673797
2 0.7455573505654282 0.5307486631016043 0.030694668820678513 0.22727272727272727
2 0.4483037156704362 0.5280748663101604 0.011308562197092083 0.12566844919786097
0 0.4058966074313409 0.5147058823529411 0.05250403877221325 0.15240641711229946
0 0.43376413570274636 0.49866310160427807 0.050080775444264945 0.10427807486631016
