0 0.7564412238325282 0.548 0.2616747181964573 0.30666666666666664
0 0.9577294685990339 0.44133333333333336 0.08293075684380032 0.11466666666666667
0 0.9404186795491143 0.44666666666666666 0.1143317230273752 0.10933333333333334
0 0.3442028985507246 0.5666666666666667 0.06521739130434782 0.15733333333333333
0 0.41827697262479874 0.5466666666666666 0.0571658615136876 0.144
0 0.678743961352657 0.46 0.10144927536231885 0.12533333333333332
0 0.7677133655394525 0.448 0.050724637681159424 0.09066666666666667
0 0.8586956521739131 0.4266666666666667 0.05877616747181964 0.10666666666666667
0 0.8007246376811594 0.4493333333333333 0.05555555555555555 0.08266666666666667
0 0.37077294685990336 0.548 0.05555555555555555 0.12
0 0.533816425120773 0.5026666666666667 0.033816425120772944 0.07733333333333334
0 0.4883252818035427 0.508 0.023349436392914653 0.06133333333333333
