2 0.18840579710144928 0.49333333333333335 0.014492753623188406 0.13333333333333333
0 0.19041867954911434 0.47333333333333333 0.05877616747181964 0.14666666666666667
0 0.23550724637681159 0.488 0.0571658615136876 0.10666666666666667
0 0.2918679549114332 0.48 0.06521739130434782 0.09066666666666667
0 0.4363929146537842 0.4666666666666667 0.057971014492753624 0.10666666666666667
0 0.4601449275362319 0.4693333333333333 0.04428341384863124 0.06933333333333333
0 0.4967793880837359 0.4666666666666667 0.04669887278582931 0.07466666666666667
0 0.5241545893719807 0.472 0.0499194847020934 0.058666666666666666
0 0.5487117552334944 0.472 0.036231884057971016 0.058666666666666666
0 0.5680354267310789 0.472 0.04106280193236715 0.05333333333333334
0 0.5893719806763285 0.4666666666666667 0.04669887278582931 0.05333333333333334
0 0.6223832528180354 0.452 0.04830917874396135 0.07733333333333334
0 0.6409017713365539 0.46 0.04186795491143317 0.050666666666666665
0 0.6566022544283414 0.45866666666666667 0.036231884057971016 0.048
