0 0.10668276972624799 0.6386666666666667 0.21336553945249598 0.7173333333333334
0 0.8534621578099839 0.7506666666666667 0.2914653784219002 0.49333333333333335
0 0.7089371980676329 0.6546666666666666 0.1537842190016103 0.36533333333333334
0 0.06521739130434782 0.5293333333333333 0.13043478260869565 0.456
0 0.6819645732689211 0.5346666666666666 0.09822866344605476 0.264
0 0.4915458937198068 0.48933333333333334 0.03462157809983897 0.12
0 0.7338969404186796 0.44266666666666665 0.15056360708534622 0.18666666666666668
0 0.37077294685990336 0.512 0.0426731078904992 0.09066666666666667
0 0.31803542673107893 0.49333333333333335 0.05152979066022544 0.12266666666666666
0 0.5990338164251208 0.49066666666666664 0.04669887278582931 0.09066666666666667
0 0.5370370370370371 0.44 0.024154589371980676 0.09066666666666667
0 0.5060386473429952 0.4266666666666667 0.023349436392914653 0.12266666666666666
0 0.2250402576489533 0.5106666666666667 0.06360708534621579 0.09333333333333334
