0 0.8530595813204509 0.7306666666666667 0.2922705314009662 0.5333333333333333
0 0.08494363929146538 0.78 0.16988727858293076 0.43466666666666665
0 0.21618357487922704 0.668 0.1972624798711755 0.41333333333333333
0 0.6417069243156199 0.5986666666666667 0.12560386473429952 0.2853333333333333
0 0.3248792270531401 0.5853333333333334 0.10225442834138486 0.24266666666666667
0 0.5917874396135265 0.5453333333333333 0.0821256038647343 0.17333333333333334
0 0.5607890499194848 0.4666666666666667 0.07004830917874397 0.23466666666666666
0 0.537842190016103 0.5026666666666667 0.03542673107890499 0.09333333333333334
0 0.5157004830917874 0.49466666666666664 0.023349436392914653 0.06133333333333333
0 0.4227053140096618 0.5053333333333333 0.024154589371980676 0.056
0 0.500402576489533 0.488 0.02818035426731079 0.064
0 0.4782608695652174 0.48933333333333334 0.020933977455716585 0.04533333333333334
