0 0.8731884057971014 0.712 0.25201288244766507 0.5706666666666667
0 0.7073268921095008 0.6973333333333334 0.21336553945249598 0.41333333333333333
0 0.5841384863123994 0.5493333333333333 0.071658615136876 0.19733333333333333
0 0.2665056360708535 0.564 0.1706924315619968 0.2
0 0.3035426731078905 0.5173333333333333 0.10628019323671498 0.18666666666666668
0 0.35990338164251207 0.5186666666666667 0.0853462157809984 0.10933333333333334
0 0.37640901771336555 0.5106666666666667 0.07971014492753623 0.10933333333333334
0 0.4078099838969404 0.472 0.05555555555555555 0.08533333333333333
1 0.4677938808373591 0.4693333333333333 0.004830917874396135 0.042666666666666665
0 0.5410628019323671 0.5093333333333333 0.03542673107890499 0.09066666666666667
0 0.5116747181964574 0.4746666666666667 0.016908212560386472 0.042666666666666665
