0 0.4262691377921031 0.5079787234042553 0.017727639000805803 0.047872340425531915
0 0.48348106365834004 0.5664893617021277 0.0692989524576954 0.18617021276595744
0 0.0821917808219178 0.75 0.1643835616438356 0.43617021276595747
0 0.05922643029814666 0.5851063829787234 0.11845286059629331 0.2978723404255319
0 0.20427074939564868 0.6183510638297872 0.1232876712328767 0.22074468085106383
0 0.39323126510878326 0.5438829787234043 0.041901692183722805 0.13031914893617022
0 0.2687348912167607 0.5571808510638298 0.07010475423045931 0.1356382978723404
0 0.19057211925866238 0.5558510638297872 0.08138597904915391 0.1276595744680851
0 0.3170829975825947 0.5292553191489362 0.0378726833199033 0.0851063829787234
0 0.2324738114423852 0.5146276595744681 0.058823529411764705 0.125
0 0.33360193392425463 0.5199468085106383 0.029008863819500404 0.06648936170212766
0 0.3517324738114424 0.49069148936170215 0.023368251410153102 0.08776595744680851
