0 0.9468954248366013 0.5675675675675675 0.10457516339869281 0.14054054054054055
0 0.8941993464052288 0.5608108108108109 0.10212418300653595 0.13243243243243244
0 0.8251633986928104 0.5608108108108109 0.09477124183006536 0.14324324324324325
0 0.505718954248366 0.5054054054054054 0.027777777777777776 0.08108108108108109
2 0.6936274509803921 0.6324324324324324 0.05392156862745098 0.43783783783783786
2 0.23815359477124182 0.5324324324324324 0.04330065359477124 0.21621621621621623
2 0.2761437908496732 0.5283783783783784 0.04084967320261438 0.20810810810810812
2 0.3006535947712418 0.5351351351351351 0.02287581699346405 0.22162162162162163
2 0.3533496732026144 0.5648648648648649 0.04493464052287582 0.2810810810810811
2 0.3901143790849673 0.5567567567567567 0.03349673202614379 0.24864864864864866
2 0.2406045751633987 0.5594594594594594 0.02696078431372549 0.2594594594594595
2 0.27532679738562094 0.5527027027027027 0.021241830065359478 0.25135135135135134
2 0.3043300653594771 0.5554054054054054 0.028594771241830064 0.22432432432432434
2 0.2536764705882353 0.5378378378378378 0.02369281045751634 0.22162162162162163
