0 0.8196457326892109 0.736 0.3059581320450886 0.5226666666666666
0 0.3993558776167472 0.5586666666666666 0.08373590982286634 0.25866666666666666
2 0.7057165861513688 0.7133333333333334 0.07004830917874397 0.456
0 0.1497584541062802 0.7773333333333333 0.2995169082125604 0.44
0 0.6107085346215781 0.564 0.071658615136876 0.152
0 0.6654589371980676 0.6053333333333333 0.11191626409017713 0.24533333333333332
0 0.46215780998389694 0.5026666666666667 0.02576489533011272 0.08266666666666667
0 0.4255233494363929 0.548 0.05555555555555555 0.14666666666666667
0 0.5938003220611916 0.54 0.04911433172302738 0.12533333333333332
0 0.5752818035426731 0.5226666666666666 0.03784219001610306 0.096
0 0.5632045088566827 0.512 0.033011272141706925 0.08533333333333333
