0 0.8502415458937198 0.7706666666666667 0.29790660225442833 0.4533333333333333
0 0.6231884057971014 0.6 0.10950080515297907 0.288
0 0.16666666666666666 0.6186666666666667 0.2576489533011272 0.29333333333333333
0 0.23349436392914655 0.584 0.18679549114331723 0.24
0 0.24677938808373592 0.5506666666666666 0.14412238325281804 0.248
0 0.27616747181964574 0.56 0.12077294685990338 0.15466666666666667
0 0.33172302737520126 0.5413333333333333 0.10628019323671498 0.13333333333333333
0 0.3530595813204509 0.5373333333333333 0.09742351046698873 0.13066666666666665
0 0.3538647342995169 0.5173333333333333 0.07809983896940419 0.128
0 0.3635265700483092 0.5173333333333333 0.09581320450885668 0.11733333333333333
0 0.3969404186795491 0.48 0.06280193236714976 0.096
1 0.46497584541062803 0.4826666666666667 0.005636070853462158 0.048
0 0.5515297906602254 0.5346666666666666 0.04186795491143317 0.10933333333333334
0 0.5140901771336553 0.488 0.018518518518518517 0.048
