0 0.4963768115942029 0.524 0.039452495974235106 0.12533333333333332
0 0.30917874396135264 0.5613333333333334 0.07085346215780998 0.13066666666666665
0 0.6936392914653784 0.58 0.16344605475040258 0.264
0 0.6139291465378421 0.5386666666666666 0.11030595813204509 0.15466666666666667
0 0.6018518518518519 0.5266666666666666 0.0893719806763285 0.13066666666666665
0 0.5946054750402576 0.5066666666666667 0.07648953301127215 0.12266666666666666
0 0.5628019323671497 0.488 0.07085346215780998 0.112
0 0.5503220611916264 0.49466666666666664 0.05555555555555555 0.072
0 0.3309178743961353 0.5066666666666667 0.043478260869565216 0.08533333333333333
0 0.4396135265700483 0.46266666666666667 0.02576489533011272 0.07733333333333334
0 0.3534621578099839 0.5026666666666667 0.033816425120772944 0.072
0 0.4025764895330113 0.488 0.020933977455716585 0.042666666666666665
0 0.3059581320450886 0.49866666666666665 0.027375201288244767 0.064
0 0.10909822866344605 0.5093333333333333 0.033011272141706925 0.06933333333333333
