2 0.43134087237479807 0.7072192513368984 0.07269789983844911 0.5802139037433155
2 0.4349757673667205 0.6898395721925134 0.0864297253634895 0.48663101604278075
2 0.30654281098546043 0.6885026737967914 0.04765751211631664 0.4679144385026738
2 0.22697899838449112 0.6470588235294118 0.04361873990306947 0.37967914438502676
2 0.422859450726979 0.6109625668449198 0.07189014539579967 0.3663101604278075
2 0.31623586429725364 0.6577540106951871 0.049273021001615507 0.37433155080213903
2 0.36348949919224555 0.5721925133689839 0.025848142164781908 0.2887700534759358
2 0.38126009693053314 0.6136363636363636 0.0420032310177706 0.35561497326203206
0 0.34491114701130854 0.5762032085561497 0.09046849757673667 0.21122994652406418
2 0.537156704361874 0.5 0.01615508885298869 0.13903743315508021
2 0.4543618739903069 0.5093582887700535 0.013731825525040387 0.12566844919786097
