0 0.5640096618357487 0.552 0.0571658615136876 0.144
0 0.143317230273752 0.7746666666666666 0.286634460547504 0.44533333333333336
0 0.8019323671497585 0.5386666666666666 0.20772946859903382 0.19733333333333333
0 0.75 0.49466666666666664 0.16022544283413848 0.21066666666666667
0 0.35466988727858295 0.5546666666666666 0.05394524959742351 0.128
0 0.25885668276972623 0.6213333333333333 0.107085346215781 0.20266666666666666
0 0.6803542673107891 0.5013333333333333 0.1143317230273752 0.13333333333333333
0 0.39371980676328505 0.5293333333333333 0.03542673107890499 0.08266666666666667
0 0.9110305958132046 0.4573333333333333 0.10547504025764895 0.11466666666666667
0 0.8715780998389694 0.45466666666666666 0.09903381642512077 0.09333333333333334
0 0.9690016103059581 0.43333333333333335 0.06038647342995169 0.168
