0 0.1107085346215781 0.7773333333333333 0.2214170692431562 0.43466666666666665
0 0.34541062801932365 0.652 0.10466988727858294 0.25333333333333335
0 0.22745571658615138 0.6733333333333333 0.14090177133655393 0.2693333333333333
1 0.6851851851851852 0.6386666666666667 0.10144927536231885 0.2853333333333333
0 0.9589371980676329 0.5773333333333334 0.08051529790660225 0.2906666666666667
1 0.7242351046698873 0.66 0.11352657004830918 0.33866666666666667
2 0.14090177133655393 0.6306666666666667 0.030595813204508857 0.25866666666666666
0 0.41827697262479874 0.5706666666666667 0.04106280193236715 0.12266666666666666
0 0.4424315619967794 0.5426666666666666 0.021739130434782608 0.06666666666666667
0 0.45088566827697263 0.516 0.017713365539452495 0.072
0 0.5466988727858293 0.5426666666666666 0.07568438003220612 0.09866666666666667
0 0.5185185185185185 0.5346666666666666 0.05152979066022544 0.072
0 0.39170692431562 0.576 0.06843800322061191 0.20266666666666666
