0 0.47381144238517325 0.5425531914893617 0.046736502820306204 0.13829787234042554
0 0.07856567284448025 0.6781914893617021 0.1571313456889605 0.3776595744680851
0 0.2594681708299758 0.7007978723404256 0.21112006446414183 0.45478723404255317
0 0.273972602739726 0.5531914893617021 0.08380338436744561 0.16489361702127658
0 0.40451248992747785 0.5465425531914894 0.05962933118452861 0.15159574468085107
0 0.34891216760676874 0.526595744680851 0.041901692183722805 0.0851063829787234
0 0.23771152296535053 0.538563829787234 0.064464141821112 0.10372340425531915
0 0.42224012892828366 0.5252659574468085 0.03384367445608381 0.08244680851063829
0 0.4371474617244158 0.5106382978723404 0.023368251410153102 0.05851063829787234
0 0.10193392425463337 0.5811170212765957 0.11845286059629331 0.1675531914893617
