0 0.49557165861513686 0.5293333333333333 0.04750402576489533 0.13066666666666665
0 0.213768115942029 0.6386666666666667 0.18276972624798712 0.28
0 0.2809983896940419 0.6013333333333334 0.13848631239935588 0.20533333333333334
0 0.3361513687600644 0.5413333333333333 0.08293075684380032 0.13866666666666666
0 0.42028985507246375 0.5573333333333333 0.06280193236714976 0.13333333333333333
0 0.38687600644122383 0.5133333333333333 0.06038647342995169 0.088
0 0.7532206119162641 0.5773333333333334 0.3196457326892109 0.8293333333333334
0 0.6014492753623188 0.572 0.09017713365539452 0.2
0 0.572866344605475 0.548 0.06360708534621579 0.136
0 0.5563607085346216 0.516 0.043478260869565216 0.12
0 0.5249597423510467 0.49733333333333335 0.024154589371980676 0.06133333333333333
0 0.061191626409017714 0.6586666666666666 0.12238325281803543 0.2773333333333333
0 0.15458937198067632 0.5493333333333333 0.16586151368760063 0.288
0 0.4923510466988728 0.508 0.03140096618357488 0.09333333333333334
0 0.040257648953301126 0.568 0.08051529790660225 0.15466666666666667
