0 0.026570048309178744 0.8053333333333333 0.05314009661835749 0.384
0 0.15499194847020933 0.7066666666666667 0.21175523349436393 0.336
0 0.9706119162640902 0.528 0.0571658615136876 0.37333333333333335
0 0.9110305958132046 0.52 0.17632850241545894 0.30933333333333335
0 0.8357487922705314 0.52 0.19001610305958133 0.22933333333333333
0 0.3035426731078905 0.5986666666666667 0.0998389694041868 0.17866666666666667
0 0.6525764895330113 0.6093333333333333 0.1280193236714976 0.2693333333333333
0 0.5986312399355878 0.5586666666666666 0.0748792270531401 0.18933333333333333
0 0.35185185185185186 0.5653333333333334 0.057971014492753624 0.13333333333333333
0 0.5640096618357487 0.5293333333333333 0.04750402576489533 0.10933333333333334
0 0.5495169082125604 0.5253333333333333 0.039452495974235106 0.09066666666666667
