0 0.49476228847703463 0.5611702127659575 0.06768734891216761 0.20212765957446807
0 0.08098307816277196 0.6622340425531915 0.16196615632554393 0.30319148936170215
0 0.19661563255439163 0.699468085106383 0.22884770346494762 0.425531914893617
0 0.3597904915390814 0.5585106382978723 0.0652699435938759 0.13829787234042554
0 0.29331184528605964 0.5425531914893617 0.0692989524576954 0.1276595744680851
0 0.4008863819500403 0.526595744680851 0.04593070104754231 0.10106382978723404
0 0.09105560032232071 0.5824468085106383 0.1514907332796132 0.18085106382978725
0 0.19500402900886382 0.5438829787234043 0.0789685737308622 0.1196808510638298
0 0.33199033037872683 0.4973404255319149 0.037066881547139406 0.0851063829787234
0 0.5370668815471394 0.49867021276595747 0.016921837228041903 0.0398936170212766
