0 0.15982286634460546 0.7493333333333333 0.3196457326892109 0.496
0 0.8595008051529791 0.74 0.27938808373590984 0.5146666666666667
0 0.9496779388083736 0.48533333333333334 0.09903381642512077 0.336
0 0.8872785829307569 0.5066666666666667 0.22383252818035426 0.352
0 0.3103864734299517 0.6373333333333333 0.12318840579710146 0.2773333333333333
0 0.3687600644122383 0.5746666666666667 0.08695652173913043 0.184
0 0.7914653784219001 0.5133333333333333 0.08856682769726248 0.16266666666666665
0 0.7210144927536232 0.5146666666666667 0.08132045088566828 0.13333333333333333
0 0.6867954911433173 0.508 0.06924315619967794 0.12
0 0.6755233494363929 0.5093333333333333 0.07085346215780998 0.10666666666666667
0 0.5656199677938808 0.5373333333333333 0.05233494363929147 0.136
0 0.42310789049919484 0.5253333333333333 0.04750402576489533 0.112
0 0.4359903381642512 0.5066666666666667 0.04106280193236715 0.11733333333333333
0 0.6038647342995169 0.48533333333333334 0.05314009661835749 0.08
0 0.5161030595813204 0.456 0.03864734299516908 0.13333333333333333
