0 0.1719001610305958 0.7386666666666667 0.3438003220611916 0.5173333333333333
0 0.8401771336553945 0.712 0.31803542673107893 0.5706666666666667
0 0.3289049919484702 0.652 0.1682769726247987 0.33866666666666667
0 0.5575684380032206 0.532 0.05394524959742351 0.13066666666666665
0 0.6976650563607085 0.6973333333333334 0.21658615136876005 0.44
0 0.3675523349436393 0.572 0.09742351046698873 0.20533333333333334
2 0.29790660225442833 0.5693333333333334 0.024154589371980676 0.2693333333333333
2 0.3168276972624799 0.5506666666666666 0.015297906602254429 0.216
0 0.4492753623188406 0.5053333333333333 0.028985507246376812 0.088
0 0.533816425120773 0.5026666666666667 0.033816425120772944 0.088
2 0.32326892109500804 0.556 0.015297906602254429 0.22133333333333333
0 0.5193236714975845 0.488 0.020933977455716585 0.06933333333333333
