0 0.07246376811594203 0.712 0.14492753623188406 0.5706666666666667
0 0.09581320450885668 0.6653333333333333 0.19162640901771336 0.36533333333333334
0 0.22181964573268922 0.572 0.1956521739130435 0.22666666666666666
0 0.2946859903381642 0.54 0.13526570048309178 0.20533333333333334
0 0.5990338164251208 0.5906666666666667 0.08695652173913043 0.20533333333333334
0 0.8586956521739131 0.7573333333333333 0.2809983896940419 0.48
0 0.5515297906602254 0.5266666666666666 0.04669887278582931 0.13066666666666665
0 0.34782608695652173 0.528 0.10144927536231885 0.12266666666666666
0 0.5398550724637681 0.52 0.036231884057971016 0.08533333333333333
0 0.5281803542673108 0.5053333333333333 0.02576489533011272 0.07733333333333334
