2 0.8901453957996769 0.6951871657754011 0.21809369951534732 0.6042780748663101
2 0.42326332794830374 0.5681818181818182 0.03715670436187399 0.2914438502673797
2 0.8239095315024233 0.7245989304812834 0.07431340872374798 0.5454545454545454
2 0.6781098546042004 0.7165775401069518 0.05411954765751212 0.5614973262032086
2 0.5807754442649434 0.6644385026737968 0.05492730210016155 0.4358288770053476
2 0.7370759289176091 0.6256684491978609 0.05250403877221325 0.42780748663101603
2 0.6344911147011308 0.5975935828877005 0.0395799676898223 0.339572192513369
2 0.6845718901453958 0.679144385026738 0.04604200323101777 0.45454545454545453
2 0.6655896607431341 0.5842245989304813 0.0630048465266559 0.31283422459893045
2 0.6821486268174475 0.6336898395721925 0.06865912762520193 0.39572192513368987
0 0.4559773828756058 0.5347593582887701 0.06058158319870759 0.15508021390374332
