0 0.11634460547504026 0.636 0.23268921095008052 0.45066666666666666
0 0.8188405797101449 0.7613333333333333 0.3607085346215781 0.472
0 0.5885668276972624 0.5813333333333334 0.08051529790660225 0.21866666666666668
0 0.17391304347826086 0.6373333333333333 0.21578099838969403 0.2773333333333333
0 0.24074074074074073 0.608 0.16264090177133655 0.224
0 0.25925925925925924 0.5826666666666667 0.1723027375201288 0.2
0 0.5595813204508857 0.5546666666666666 0.05636070853462158 0.128
0 0.538647342995169 0.5293333333333333 0.03542673107890499 0.104
0 0.37399355877616747 0.5173333333333333 0.06038647342995169 0.112
0 0.40096618357487923 0.5213333333333333 0.05475040257648953 0.072
