0 0.5209339774557166 0.608 0.07890499194847021 0.24533333333333332
0 0.6356682769726248 0.5493333333333333 0.10547504025764895 0.16533333333333333
0 0.5857487922705314 0.528 0.061996779388083734 0.10133333333333333
0 0.5664251207729468 0.52 0.05555555555555555 0.07466666666666667
0 0.13486312399355876 0.6733333333333333 0.17954911433172302 0.2906666666666667
0 0.07809983896940419 0.648 0.15619967793880837 0.224
0 0.41223832528180354 0.524 0.033816425120772944 0.07733333333333334
0 0.4601449275362319 0.5066666666666667 0.023349436392914653 0.05333333333333334
0 0.4867149758454106 0.496 0.016908212560386472 0.042666666666666665
0 0.3031400966183575 0.5506666666666666 0.06360708534621579 0.104
0 0.3365539452495974 0.532 0.043478260869565216 0.09866666666666667
0 0.3804347826086957 0.5186666666666667 0.036231884057971016 0.06666666666666667
0 0.42592592592592593 0.512 0.033816425120772944 0.048
0 0.20491143317230273 0.548 0.06682769726247988 0.104
0 0.1932367149758454 0.532 0.07085346215780998 0.07733333333333334
