1 0.6887254901960784 0.5364864864864864 0.058823529411764705 0.2945945945945946
2 0.7459150326797386 0.6243243243243243 0.06535947712418301 0.5405405405405406
2 0.7348856209150327 0.4905405405405405 0.025326797385620915 0.15945945945945947
2 0.5461601307189542 0.5648648648648649 0.041666666666666664 0.2918918918918919
2 0.5004084967320261 0.5527027027027027 0.04330065359477124 0.27837837837837837
2 0.502859477124183 0.5486486486486486 0.04330065359477124 0.31351351351351353
2 0.7418300653594772 0.5081081081081081 0.04084967320261438 0.1891891891891892
2 0.9101307189542484 0.5121621621621621 0.0196078431372549 0.21351351351351353
2 0.946078431372549 0.5054054054054054 0.024509803921568627 0.24324324324324326
2 0.9158496732026143 0.5135135135135135 0.021241830065359478 0.2
0 0.5032679738562091 0.45675675675675675 0.014705882352941176 0.05405405405405406
