0 0.4939613526570048 0.544 0.0426731078904992 0.11733333333333333
0 0.2576489533011272 0.6226666666666667 0.15136876006441224 0.2693333333333333
0 0.32286634460547503 0.52 0.16264090177133655 0.3466666666666667
0 0.3643317230273752 0.5626666666666666 0.10547504025764895 0.13333333333333333
0 0.43438003220611915 0.5 0.04750402576489533 0.07733333333333334
0 0.532608695652174 0.48933333333333334 0.03140096618357488 0.09866666666666667
0 0.4895330112721417 0.5186666666666667 0.027375201288244767 0.08266666666666667
0 0.3852657004830918 0.528 0.10225442834138486 0.15466666666666667
0 0.03462157809983897 0.5746666666666667 0.06924315619967794 0.152
0 0.08574879227053141 0.64 0.17149758454106281 0.30933333333333335
0 0.20048309178743962 0.5653333333333334 0.1111111111111111 0.18666666666666668
2 0.061191626409017714 0.5306666666666666 0.01932367149758454 0.176
2 0.16545893719806765 0.5213333333333333 0.015297906602254429 0.104
0 0.27093397745571657 0.468 0.07809983896940419 0.16266666666666665
