0 0.4798549556809025 0.5226063829787234 0.0346494762288477 0.10372340425531915
0 0.13255439161966157 0.7327127659574468 0.26510878323932313 0.5292553191489362
0 0.10717163577759871 0.625 0.18049959709911362 0.24468085106382978
0 0.24778404512489927 0.5585106382978723 0.09750201450443191 0.18085106382978725
0 0.36019339242546333 0.5797872340425532 0.0854149879129734 0.18617021276595744
0 0.3178887993553586 0.5398936170212766 0.062046736502820304 0.11702127659574468
0 0.4186140209508461 0.535904255319149 0.0427074939564867 0.09840425531914894
0 0.3859790491539081 0.511968085106383 0.030620467365028204 0.06648936170212766
0 0.4411764705882353 0.4787234042553192 0.023368251410153102 0.09042553191489362
0 0.048751007252215955 0.6037234042553191 0.09750201450443191 0.21808510638297873
0 0.15390813859790492 0.5625 0.10153102336825141 0.14627659574468085
