0 0.4963768115942029 0.5213333333333333 0.03462157809983897 0.10933333333333334
0 0.9251207729468599 0.7133333333333334 0.14814814814814814 0.568
0 0.8103864734299517 0.668 0.21980676328502416 0.424
0 0.6956521739130435 0.6026666666666667 0.1642512077294686 0.272
0 0.642512077294686 0.564 0.12721417069243157 0.22666666666666666
0 0.6235909822866345 0.5466666666666666 0.11513687600644122 0.16533333333333333
0 0.6026570048309179 0.528 0.09903381642512077 0.14933333333333335
0 0.5837359098228664 0.5133333333333333 0.07729468599033816 0.09866666666666667
0 0.42069243156199676 0.5066666666666667 0.021739130434782608 0.05333333333333334
0 0.5579710144927537 0.49866666666666665 0.057971014492753624 0.07466666666666667
0 0.5422705314009661 0.49466666666666664 0.04750402576489533 0.06133333333333333
0 0.533011272141707 0.48133333333333334 0.040257648953301126 0.06133333333333333
0 0.3977455716586151 0.492 0.020933977455716585 0.050666666666666665
0 0.37681159420289856 0.49066666666666664 0.014492753623188406 0.037333333333333336
