1 0.25483091787439616 0.72 0.09259259259259259 0.44266666666666665
0 0.928743961352657 0.7546666666666667 0.14090177133655393 0.48533333333333334
0 0.8860708534621579 0.6813333333333333 0.22624798711755234 0.552
0 0.20450885668276972 0.592 0.20772946859903382 0.21333333333333335
0 0.26288244766505636 0.5773333333333334 0.16022544283413848 0.17866666666666667
0 0.30515297906602257 0.5453333333333333 0.0966183574879227 0.136
0 0.5515297906602254 0.5493333333333333 0.06280193236714976 0.14933333333333335
0 0.3607085346215781 0.52 0.07407407407407407 0.096
0 0.5185185185185185 0.5 0.028985507246376812 0.08266666666666667
0 0.49597423510466987 0.4613333333333333 0.014492753623188406 0.058666666666666666
