0 0.4782608695652174 0.54 0.04669887278582931 0.12533333333333332
0 0.14009661835748793 0.6533333333333333 0.26247987117552335 0.37866666666666665
0 0.3252818035426731 0.5493333333333333 0.10789049919484701 0.144
0 0.3530595813204509 0.5386666666666666 0.0893719806763285 0.11733333333333333
0 0.43438003220611915 0.524 0.04106280193236715 0.088
0 0.5881642512077294 0.504 0.10225442834138486 0.30933333333333335
0 0.2210144927536232 0.5613333333333334 0.08454106280193237 0.14133333333333334
0 0.27053140096618356 0.5093333333333333 0.08373590982286634 0.176
0 0.48429951690821255 0.5106666666666667 0.03140096618357488 0.09333333333333334
1 0.12278582930756844 0.5253333333333333 0.033011272141706925 0.10133333333333333
