0 0.6739130434782609 0.5213333333333333 0.16586151368760063 0.19466666666666665
0 0.8917069243156199 0.43733333333333335 0.09420289855072464 0.096
0 0.8663446054750402 0.43866666666666665 0.09017713365539452 0.088
0 0.8454106280193237 0.444 0.09017713365539452 0.088
0 0.3856682769726248 0.5453333333333333 0.04508856682769726 0.12
0 0.4492753623188406 0.5146666666666667 0.033816425120772944 0.08533333333333333
0 0.6561996779388084 0.476 0.0821256038647343 0.104
0 0.7379227053140096 0.44133333333333336 0.04106280193236715 0.07733333333333334
0 0.8184380032206119 0.432 0.04589371980676329 0.09066666666666667
0 0.7673107890499195 0.44666666666666666 0.04508856682769726 0.072
0 0.40177133655394526 0.5373333333333333 0.040257648953301126 0.09333333333333334
0 0.5362318840579711 0.49733333333333335 0.028985507246376812 0.06666666666666667
0 0.4971819645732689 0.5026666666666667 0.020128824476650563 0.056
