0 0.787842190016103 0.49866666666666665 0.34057971014492755 0.9973333333333333
0 0.6312399355877617 0.5786666666666667 0.12238325281803543 0.33066666666666666
0 0.5889694041867954 0.564 0.07809983896940419 0.184
0 0.537842190016103 0.536 0.04830917874396135 0.112
0 0.07206119162640902 0.6066666666666667 0.08293075684380032 0.16266666666666665
1 0.4005636070853462 0.5226666666666666 0.012077294685990338 0.10133333333333333
0 0.3743961352657005 0.548 0.037037037037037035 0.09866666666666667
0 0.5072463768115942 0.5186666666666667 0.043478260869565216 0.104
0 0.47342995169082125 0.516 0.030595813204508857 0.06666666666666667
1 0.41505636070853463 0.52 0.012077294685990338 0.09066666666666667
