0 0.8051529790660226 0.744 0.33816425120772947 0.5066666666666667
1 0.16264090177133655 0.72 0.143317230273752 0.5546666666666666
0 0.15096618357487923 0.7253333333333334 0.21497584541062803 0.384
0 0.5933977455716586 0.584 0.12238325281803543 0.29333333333333333
0 0.24838969404186795 0.6106666666666667 0.1280193236714976 0.24
0 0.5 0.5266666666666666 0.05152979066022544 0.12533333333333332
0 0.3442028985507246 0.536 0.0426731078904992 0.096
0 0.46980676328502413 0.5093333333333333 0.03140096618357488 0.08533333333333333
2 0.3325281803542673 0.5013333333333333 0.011272141706924315 0.09066666666666667
2 0.322061191626409 0.508 0.011272141706924315 0.09333333333333334
1 0.2757648953301127 0.676 0.08776167471819646 0.424
