0 0.644927536231884 0.49866666666666665 0.12721417069243157 0.14933333333333335
0 0.966988727858293 0.424 0.0644122383252818 0.11733333333333333
0 0.855072463768116 0.43333333333333335 0.08051529790660225 0.08266666666666667
0 0.8353462157809984 0.436 0.07809983896940419 0.07733333333333334
0 0.4170692431561997 0.516 0.037037037037037035 0.09866666666666667
0 0.4746376811594203 0.49466666666666664 0.0249597423510467 0.06666666666666667
0 0.6485507246376812 0.4666666666666667 0.071658615136876 0.09066666666666667
0 0.7290660225442834 0.43466666666666665 0.036231884057971016 0.06933333333333333
0 0.7572463768115942 0.44133333333333336 0.039452495974235106 0.06666666666666667
0 0.5458937198067633 0.48 0.02576489533011272 0.058666666666666666
