0 0.0785024154589372 0.7066666666666667 0.1570048309178744 0.49066666666666664
0 0.8663446054750402 0.6613333333333333 0.26570048309178745 0.2986666666666667
0 0.8027375201288245 0.6 0.20450885668276972 0.2773333333333333
0 0.677938808373591 0.5413333333333333 0.143317230273752 0.18133333333333335
0 0.24557165861513688 0.5253333333333333 0.1706924315619968 0.2826666666666667
0 0.5454911433172303 0.484 0.050724637681159424 0.168
0 0.3389694041867955 0.5213333333333333 0.10628019323671498 0.11466666666666667
0 0.37278582930756843 0.5053333333333333 0.08695652173913043 0.12
0 0.5209339774557166 0.472 0.028985507246376812 0.112
0 0.4307568438003221 0.46266666666666667 0.05152979066022544 0.08266666666666667
