0 0.45893719806763283 0.5413333333333333 0.03864734299516908 0.10133333333333333
0 0.2640901771336554 0.5933333333333334 0.1320450885668277 0.17333333333333334
0 0.31199677938808373 0.5666666666666667 0.09581320450885668 0.15733333333333333
0 0.357487922705314 0.5466666666666666 0.08051529790660225 0.10666666666666667
0 0.38164251207729466 0.5386666666666666 0.05958132045088567 0.09066666666666667
0 0.39492753623188404 0.5106666666666667 0.061996779388083734 0.09866666666666667
0 0.6304347826086957 0.6586666666666666 0.13526570048309178 0.32
0 0.5881642512077294 0.604 0.07326892109500806 0.19466666666666665
0 0.5563607085346216 0.5666666666666667 0.061191626409017714 0.152
0 0.5309983896940419 0.46266666666666667 0.06038647342995169 0.25866666666666666
0 0.1706924315619968 0.5573333333333333 0.07890499194847021 0.112
0 0.47101449275362317 0.5253333333333333 0.028985507246376812 0.08533333333333333
