0 0.10386473429951691 0.776 0.20772946859903382 0.44266666666666665
0 0.2290660225442834 0.6533333333333333 0.14412238325281804 0.25066666666666665
0 0.2999194847020934 0.604 0.08454106280193237 0.17333333333333334
0 0.3446054750402576 0.568 0.06280193236714976 0.128
0 0.750805152979066 0.4746666666666667 0.13446054750402575 0.16533333333333333
0 0.7198067632850241 0.468 0.08856682769726248 0.152
0 0.6916264090177133 0.4706666666666667 0.09339774557165861 0.136
0 0.9778582930756844 0.3973333333333333 0.0426731078904992 0.12266666666666666
0 0.9597423510466989 0.404 0.07890499194847021 0.11466666666666667
0 0.6574074074074074 0.4786666666666667 0.0861513687600644 0.11466666666666667
0 0.3832528180354267 0.54 0.04508856682769726 0.09333333333333334
0 0.5615942028985508 0.5226666666666666 0.04589371980676329 0.11733333333333333
0 0.5487117552334944 0.5146666666666667 0.036231884057971016 0.10133333333333333
