0 0.4935535858178888 0.5638297872340425 0.07010475423045931 0.2074468085106383
0 0.031829170024174055 0.6742021276595744 0.06365834004834811 0.3058510638297872
0 0.11482675261885576 0.7446808510638298 0.22965350523771152 0.5053191489361702
0 0.3356164383561644 0.5731382978723404 0.08138597904915391 0.1675531914893617
0 0.26591458501208703 0.5518617021276596 0.08380338436744561 0.14627659574468085
0 0.38920225624496374 0.5305851063829787 0.0531829170024174 0.11436170212765957
0 0.055197421434327154 0.598404255319149 0.11039484286865431 0.2127659574468085
0 0.15269943593875906 0.550531914893617 0.09750201450443191 0.13829787234042554
0 0.32070910556003224 0.4973404255319149 0.041901692183722805 0.09042553191489362
0 0.5495568090249798 0.5 0.017727639000805803 0.03723404255319149
