0 0.49476650563607083 0.5266666666666666 0.036231884057971016 0.11466666666666667
0 0.928743961352657 0.7466666666666667 0.14090177133655393 0.5013333333333333
0 0.8140096618357487 0.6986666666666667 0.2528180354267311 0.5386666666666666
0 0.7246376811594203 0.6226666666666667 0.1642512077294686 0.30133333333333334
0 0.6666666666666666 0.5773333333333334 0.14492753623188406 0.21066666666666667
0 0.4102254428341385 0.5093333333333333 0.0249597423510467 0.05333333333333334
0 0.3079710144927536 0.5746666666666667 0.0748792270531401 0.14666666666666667
0 0.5909822866344605 0.5253333333333333 0.08856682769726248 0.12266666666666666
0 0.5632045088566827 0.512 0.06682769726247988 0.09066666666666667
0 0.5414653784219001 0.4866666666666667 0.05233494363929147 0.08266666666666667
0 0.3675523349436393 0.5013333333333333 0.029790660225442835 0.064
0 0.3820450885668277 0.5013333333333333 0.0249597423510467 0.05333333333333334
0 0.3446054750402576 0.49866666666666665 0.01932367149758454 0.048
