0 0.5040257648953301 0.5573333333333333 0.05314009661835749 0.16533333333333333
0 0.7041062801932367 0.6013333333333334 0.1392914653784219 0.27466666666666667
0 0.6211755233494364 0.548 0.10547504025764895 0.15733333333333333
0 0.26811594202898553 0.5866666666666667 0.11272141706924316 0.20266666666666666
0 0.055152979066022546 0.6533333333333333 0.11030595813204509 0.2613333333333333
0 0.1529790660225443 0.5813333333333334 0.12238325281803543 0.21333333333333335
0 0.4033816425120773 0.5213333333333333 0.04830917874396135 0.088
0 0.4786634460547504 0.4866666666666667 0.023349436392914653 0.06133333333333333
0 0.2898550724637681 0.5373333333333333 0.07246376811594203 0.11466666666666667
0 0.3808373590982287 0.5173333333333333 0.04830917874396135 0.06933333333333333
0 0.5398550724637681 0.4866666666666667 0.020128824476650563 0.04533333333333334
0 0.19524959742351047 0.544 0.08776167471819646 0.112
