0 0.5 0.5613333333333334 0.057971014492753624 0.15733333333333333
0 0.0607890499194847 0.5666666666666667 0.1215780998389694 0.24266666666666667
0 0.6497584541062802 0.5546666666666666 0.12399355877616747 0.3626666666666667
2 0.2427536231884058 0.648 0.050724637681159424 0.5226666666666666
0 0.18719806763285024 0.5066666666666667 0.09903381642512077 0.17066666666666666
0 0.31521739130434784 0.556 0.12640901771336555 0.216
0 0.3393719806763285 0.548 0.11513687600644122 0.15733333333333333
0 0.3679549114331723 0.5466666666666666 0.10628019323671498 0.13333333333333333
0 0.40700483091787437 0.516 0.06682769726247988 0.104
0 0.4331723027375201 0.49733333333333335 0.0499194847020934 0.06666666666666667
0 0.5817230273752013 0.536 0.05394524959742351 0.11733333333333333
0 0.5636070853462157 0.5106666666666667 0.04186795491143317 0.10933333333333334
2 0.5370370370370371 0.516 0.011272141706924315 0.09333333333333334
0 0.48993558776167473 0.52 0.033011272141706925 0.10133333333333333
0 0.2427536231884058 0.49866666666666665 0.06360708534621579 0.09066666666666667
