0 0.9339774557165862 0.7693333333333333 0.13043478260869565 0.456
0 0.8309178743961353 0.6453333333333333 0.2898550724637681 0.288
0 0.20813204508856684 0.6133333333333333 0.21658615136876005 0.24533333333333332
0 0.5277777777777778 0.524 0.0249597423510467 0.06133333333333333
0 0.40096618357487923 0.5266666666666666 0.06763285024154589 0.08266666666666667
0 0.607085346215781 0.544 0.08051529790660225 0.10133333333333333
0 0.3305152979066023 0.568 0.1215780998389694 0.14933333333333335
0 0.2725442834138486 0.592 0.17310789049919484 0.20266666666666666
0 0.6763285024154589 0.5653333333333334 0.11272141706924316 0.15466666666666667
0 0.7041062801932367 0.5813333333333334 0.1280193236714976 0.16
