0 0.4939613526570048 0.5226666666666666 0.03784219001610306 0.11733333333333333
0 0.8872785829307569 0.7266666666666667 0.22383252818035426 0.5413333333333333
0 0.7588566827697263 0.644 0.2037037037037037 0.344
0 0.3864734299516908 0.5146666666666667 0.033816425120772944 0.06933333333333333
0 0.10426731078904992 0.7066666666666667 0.20853462157809985 0.35733333333333334
0 0.6155394524959742 0.5293333333333333 0.107085346215781 0.152
0 0.5756843800322061 0.5146666666666667 0.08051529790660225 0.10666666666666667
0 0.5471014492753623 0.488 0.05877616747181964 0.09066666666666667
0 0.35426731078904994 0.5013333333333333 0.033816425120772944 0.06933333333333333
0 0.37037037037037035 0.49466666666666664 0.027375201288244767 0.06133333333333333
0 0.40901771336553944 0.488 0.01932367149758454 0.037333333333333336
0 0.3305152979066023 0.49866666666666665 0.021739130434782608 0.05333333333333334
