0 0.4867149758454106 0.5053333333333333 0.020128824476650563 0.06133333333333333
0 0.29508856682769724 0.7066666666666667 0.17310789049919484 0.384
0 0.8409822866344605 0.736 0.3164251207729469 0.5226666666666666
0 0.7069243156199678 0.7106666666666667 0.18679549114331723 0.5093333333333333
0 0.5825281803542673 0.5733333333333334 0.07648953301127215 0.18666666666666668
0 0.535024154589372 0.5226666666666666 0.033011272141706925 0.096
0 0.5603864734299517 0.5453333333333333 0.05314009661835749 0.14666666666666667
0 0.2995169082125604 0.5453333333333333 0.06924315619967794 0.08266666666666667
0 0.21175523349436393 0.5493333333333333 0.07729468599033816 0.08533333333333333
0 0.5197262479871175 0.504 0.021739130434782608 0.058666666666666666
2 0.7310789049919485 0.5853333333333334 0.03542673107890499 0.36533333333333334
