0 0.946078431372549 0.5635135135135135 0.10620915032679738 0.13783783783783785
0 0.8937908496732027 0.5608108108108109 0.10130718954248366 0.13243243243243244
0 0.8251633986928104 0.5608108108108109 0.09477124183006536 0.14324324324324325
0 0.505718954248366 0.5067567567567568 0.027777777777777776 0.08378378378378379
1 0.7630718954248366 0.6270270270270271 0.1437908496732026 0.42702702702702705
1 0.9705882352941176 0.6567567567567567 0.05718954248366013 0.5027027027027027
1 0.19852941176470587 0.6297297297297297 0.09313725490196079 0.3783783783783784
2 0.15441176470588236 0.46621621621621623 0.011437908496732025 0.12702702702702703
2 0.1417483660130719 0.5027027027027027 0.02042483660130719 0.1891891891891892
2 0.11601307189542484 0.49324324324324326 0.024509803921568627 0.1918918918918919
2 0.880718954248366 0.7 0.09477124183006536 0.5945945945945946
2 0.8794934640522876 0.672972972972973 0.0727124183006536 0.5621621621621622
2 0.9697712418300654 0.6797297297297298 0.058823529411764705 0.6243243243243243
