2 0.10379644588045234 0.6898395721925134 0.20759289176090467 0.6149732620320856
2 0.5250403877221325 0.5641711229946524 0.027463651050080775 0.25133689839572193
2 0.36995153473344106 0.5414438502673797 0.022617124394184167 0.17379679144385027
2 0.35379644588045234 0.5387700534759359 0.017770597738287562 0.16310160427807488
2 0.19709208400646203 0.8061497326203209 0.11308562197092084 0.38235294117647056
2 0.595718901453958 0.516042780748663 0.018578352180936994 0.15508021390374332
2 0.505654281098546 0.5240641711229946 0.017770597738287562 0.1657754010695187
2 0.5589660743134087 0.5628342245989305 0.022617124394184167 0.24331550802139038
2 0.5844103392568659 0.5294117647058824 0.021809369951534735 0.19786096256684493
2 0.6106623586429726 0.5066844919786097 0.01615508885298869 0.17379679144385027
0 0.44789983844911146 0.5053475935828877 0.03150242326332795 0.08021390374331551
2 0.18861066235864296 0.5935828877005348 0.036348949919224556 0.2727272727272727
2 0.5706785137318255 0.5548128342245989 0.018578352180936994 0.20053475935828877
