0 0.5048309178743962 0.5386666666666666 0.0499194847020934 0.13333333333333333
0 0.09943639291465378 0.736 0.19887278582930756 0.5226666666666666
0 0.34098228663446056 0.5786666666666667 0.13768115942028986 0.19733333333333333
0 0.3824476650563607 0.5306666666666666 0.07890499194847021 0.128
0 0.3993558776167472 0.516 0.07729468599033816 0.10933333333333334
0 0.4194847020933977 0.5013333333333333 0.06280193236714976 0.08
0 0.44605475040257647 0.4693333333333333 0.05475040257648953 0.096
0 0.8860708534621579 0.688 0.22624798711755234 0.6186666666666667
2 0.7532206119162641 0.7426666666666667 0.08132045088566828 0.5093333333333333
0 0.7254428341384863 0.6533333333333333 0.1642512077294686 0.304
0 0.643719806763285 0.5866666666666667 0.09259259259259259 0.18666666666666668
0 0.6095008051529791 0.532 0.07085346215780998 0.168
2 0.5619967793880838 0.5053333333333333 0.01288244766505636 0.09333333333333334
0 0.6602254428341385 0.5066666666666667 0.08051529790660225 0.10133333333333333
0 0.14452495974235105 0.588 0.18115942028985507 0.232
0 0.24154589371980675 0.544 0.10305958132045089 0.16
0 0.501610305958132 0.5026666666666667 0.028985507246376812 0.088
0 0.04750402576489533 0.64 0.09500805152979067 0.30933333333333335
0 0.285829307568438 0.5266666666666666 0.06602254428341385 0.13066666666666665
0 0.7620772946859904 0.48933333333333334 0.1215780998389694 0.152
0 0.061191626409017714 0.548 0.12238325281803543 0.17333333333333334
