0 0.17391304347826086 0.7626666666666667 0.34782608695652173 0.4693333333333333
0 0.855877616747182 0.7213333333333334 0.286634460547504 0.552
0 0.37318840579710144 0.568 0.08293075684380032 0.23466666666666666
0 0.4001610305958132 0.5413333333333333 0.07890499194847021 0.15466666666666667
0 0.6312399355877617 0.444 0.05475040257648953 0.06133333333333333
0 0.7620772946859904 0.668 0.1280193236714976 0.38666666666666666
0 0.788647342995169 0.5693333333333334 0.11996779388083736 0.264
0 0.6735104669887279 0.48933333333333334 0.11996779388083736 0.14666666666666667
0 0.9722222222222222 0.5266666666666666 0.05394524959742351 0.17866666666666667
0 0.8820450885668277 0.488 0.09581320450885668 0.10666666666666667
