0 0.4834943639291465 0.536 0.04589371980676329 0.12266666666666666
0 0.09178743961352658 0.7426666666666667 0.18357487922705315 0.5093333333333333
0 0.2753623188405797 0.5986666666666667 0.14009661835748793 0.22666666666666666
0 0.34863123993558776 0.5453333333333333 0.10628019323671498 0.15733333333333333
0 0.4078099838969404 0.508 0.06682769726247988 0.09333333333333334
0 0.8506441223832528 0.752 0.2971014492753623 0.49066666666666664
0 0.5813204508856683 0.5426666666666666 0.057971014492753624 0.13066666666666665
0 0.5366344605475041 0.47733333333333333 0.03462157809983897 0.112
0 0.21980676328502416 0.556 0.09178743961352658 0.14133333333333334
0 0.4927536231884058 0.508 0.030595813204508857 0.09333333333333334
0 0.14049919484702095 0.528 0.09259259259259259 0.112
