1 0.741421568627451 0.5175675675675676 0.06454248366013073 0.26216216216216215
2 0.7794117647058824 0.4756756756756757 0.016339869281045753 0.16756756756756758
2 0.4199346405228758 0.6432432432432432 0.05555555555555555 0.4864864864864865
2 0.33782679738562094 0.6121621621621621 0.06781045751633986 0.46216216216216216
2 0.3839869281045752 0.6135135135135135 0.05718954248366013 0.5135135135135135
2 0.6776960784313726 0.5135135135135135 0.031862745098039214 0.21621621621621623
2 0.8897058823529411 0.5067567567567568 0.029411764705882353 0.25675675675675674
2 0.9162581699346405 0.5054054054054054 0.04330065359477124 0.2972972972972973
2 0.9015522875816994 0.5202702702702703 0.02369281045751634 0.24594594594594596
0 0.4963235294117647 0.45 0.015522875816993464 0.05675675675675676
