0 0.10507246376811594 0.784 0.21014492753623187 0.4266666666666667
0 0.8904991948470209 0.7746666666666666 0.21739130434782608 0.44533333333333336
0 0.7262479871175523 0.7466666666666667 0.2576489533011272 0.48533333333333334
0 0.23993558776167473 0.74 0.23027375201288244 0.4186666666666667
0 0.33454106280193235 0.6173333333333333 0.09420289855072464 0.22666666666666666
0 0.37962962962962965 0.5813333333333334 0.07004830917874397 0.16
0 0.6239935587761675 0.5986666666666667 0.10950080515297907 0.232
0 0.5885668276972624 0.5546666666666666 0.0644122383252818 0.16
0 0.7725442834138486 0.49866666666666665 0.10386473429951691 0.15466666666666667
0 0.5322061191626409 0.512 0.0322061191626409 0.07466666666666667
0 0.4927536231884058 0.5106666666666667 0.02576489533011272 0.050666666666666665
0 0.4673913043478261 0.49733333333333335 0.03140096618357488 0.04533333333333334
1 0.42391304347826086 0.49733333333333335 0.013687600644122383 0.050666666666666665
