0 0.5060386473429952 0.54 0.050724637681159424 0.136
0 0.16666666666666666 0.7346666666666667 0.2431561996779388 0.5253333333333333
0 0.2528180354267311 0.632 0.16747181964573268 0.32
0 0.37922705314009664 0.5386666666666666 0.10628019323671498 0.144
0 0.40458937198067635 0.5106666666666667 0.06521739130434782 0.104
0 0.4174718196457327 0.5053333333333333 0.06521739130434782 0.09333333333333334
0 0.4533011272141707 0.45866666666666667 0.0499194847020934 0.08533333333333333
0 0.783011272141707 0.6706666666666666 0.24879227053140096 0.456
2 0.6481481481481481 0.616 0.03864734299516908 0.288
0 0.6513687600644122 0.58 0.0966183574879227 0.19466666666666665
0 0.6099033816425121 0.548 0.06521739130434782 0.136
0 0.5913848631239935 0.508 0.05555555555555555 0.136
2 0.5587761674718197 0.49733333333333335 0.00966183574879227 0.08266666666666667
0 0.049516908212560384 0.6426666666666667 0.09903381642512077 0.29333333333333333
0 0.29871175523349436 0.516 0.07729468599033816 0.12533333333333332
0 0.5044283413848631 0.492 0.029790660225442835 0.088
0 0.1461352657004831 0.5933333333333334 0.15539452495974235 0.22133333333333333
0 0.7334943639291466 0.4666666666666667 0.10466988727858294 0.13333333333333333
