0 0.5028180354267311 0.56 0.061996779388083734 0.192
0 0.962157809983897 0.6986666666666667 0.07407407407407407 0.5973333333333334
0 0.711755233494364 0.5653333333333334 0.18840579710144928 0.3893333333333333
0 0.6231884057971014 0.536 0.11272141706924316 0.17066666666666666
0 0.5688405797101449 0.49466666666666664 0.061996779388083734 0.088
0 0.5483091787439613 0.49066666666666664 0.04186795491143317 0.064
0 0.12117552334943639 0.576 0.15217391304347827 0.21333333333333335
0 0.19082125603864733 0.516 0.21900161030595813 0.47733333333333333
0 0.22745571658615138 0.5493333333333333 0.0861513687600644 0.144
0 0.2898550724637681 0.5346666666666666 0.057971014492753624 0.09333333333333334
0 0.3643317230273752 0.504 0.03462157809983897 0.064
0 0.3804347826086957 0.492 0.026570048309178744 0.06666666666666667
0 0.40499194847020936 0.4866666666666667 0.02576489533011272 0.050666666666666665
0 0.4367954911433172 0.4826666666666667 0.0249597423510467 0.037333333333333336
0 0.9327697262479872 0.528 0.1215780998389694 0.10133333333333333
0 0.1570048309178744 0.5386666666666666 0.06763285024154589 0.11733333333333333
