2 0.8321256038647343 0.5626666666666666 0.050724637681159424 0.416
1 0.0426731078904992 0.7453333333333333 0.0853462157809984 0.504
1 0.2882447665056361 0.632 0.06280193236714976 0.37333333333333335
0 0.7065217391304348 0.6733333333333333 0.1972624798711755 0.45066666666666666
0 0.6115136876006442 0.5693333333333334 0.10547504025764895 0.2906666666666667
0 0.5760869565217391 0.5266666666666666 0.071658615136876 0.21066666666666667
0 0.5583735909822867 0.5226666666666666 0.04750402576489533 0.13866666666666666
2 0.5193236714975845 0.4746666666666667 0.00966183574879227 0.096
2 0.5237520128824477 0.48 0.008856682769726247 0.09066666666666667
0 0.43800322061191627 0.48 0.02254428341384863 0.07466666666666667
2 0.4826892109500805 0.47333333333333333 0.007246376811594203 0.06133333333333333
0 0.38003220611916266 0.5253333333333333 0.04669887278582931 0.112
0 0.07528180354267311 0.7733333333333333 0.15056360708534622 0.448
0 0.18478260869565216 0.692 0.20209339774557167 0.36533333333333334
0 0.286634460547504 0.604 0.11594202898550725 0.232
0 0.34017713365539454 0.5506666666666666 0.0748792270531401 0.168
