0 0.11352657004830918 0.828 0.22705314009661837 0.33866666666666667
0 0.8377616747181964 0.7533333333333333 0.32286634460547503 0.488
0 0.8711755233494364 0.5733333333333334 0.2528180354267311 0.24533333333333332
0 0.35829307568438 0.5746666666666667 0.0853462157809984 0.18933333333333333
0 0.5982286634460547 0.572 0.07729468599033816 0.18933333333333333
0 0.3860708534621578 0.516 0.06682769726247988 0.2
0 0.5700483091787439 0.5426666666666666 0.0644122383252818 0.14666666666666667
0 0.2689210950080515 0.48533333333333334 0.14492753623188406 0.176
0 0.4975845410628019 0.47733333333333333 0.020933977455716585 0.07466666666666667
0 0.643719806763285 0.4493333333333333 0.0893719806763285 0.11466666666666667
