0 0.40982286634460546 0.5333333333333333 0.06602254428341385 0.24
0 0.8719806763285024 0.46266666666666667 0.25442834138486314 0.4026666666666667
0 0.17592592592592593 0.588 0.12318840579710146 0.18933333333333333
0 0.07125603864734299 0.5666666666666667 0.14251207729468598 0.25866666666666666
0 0.33373590982286633 0.5173333333333333 0.05233494363929147 0.12266666666666666
0 0.6099033816425121 0.5333333333333333 0.09259259259259259 0.16533333333333333
0 0.4561191626409018 0.47733333333333333 0.03140096618357488 0.096
0 0.49516908212560384 0.44666666666666666 0.03542673107890499 0.12
0 0.6702898550724637 0.5186666666666667 0.09742351046698873 0.17333333333333334
0 0.7447665056360708 0.5213333333333333 0.1143317230273752 0.14666666666666667
0 0.45169082125603865 0.432 0.03542673107890499 0.17066666666666666
