2 0.34541062801932365 0.48133333333333334 0.01288244766505636 0.104
0 0.32971014492753625 0.468 0.04750402576489533 0.12
0 0.36231884057971014 0.4786666666666667 0.04669887278582931 0.088
0 0.4074074074074074 0.472 0.05475040257648953 0.07466666666666667
0 0.5314009661835749 0.456 0.05314009661835749 0.096
0 0.5523349436392915 0.4613333333333333 0.040257648953301126 0.064
0 0.5865539452495975 0.4573333333333333 0.0426731078904992 0.06666666666666667
0 0.6123188405797102 0.4653333333333333 0.04750402576489533 0.056
0 0.6356682769726248 0.4653333333333333 0.03462157809983897 0.056
0 0.6549919484702094 0.4666666666666667 0.039452495974235106 0.05333333333333334
0 0.6759259259259259 0.4613333333333333 0.04589371980676329 0.05333333333333334
0 0.711352657004831 0.44533333333333336 0.04911433172302738 0.07466666666666667
0 0.7294685990338164 0.452 0.043478260869565216 0.050666666666666665
0 0.7467793880837359 0.45466666666666666 0.03784219001610306 0.04533333333333334
