0 0.033011272141706925 0.804 0.06602254428341385 0.38666666666666666
0 0.1356682769726248 0.728 0.22624798711755234 0.3626666666666667
0 0.25684380032206117 0.636 0.1143317230273752 0.22133333333333333
0 0.321256038647343 0.592 0.07729468599033816 0.14933333333333335
0 0.8063607085346216 0.48133333333333334 0.1682769726247987 0.2
0 0.7600644122383253 0.4706666666666667 0.10789049919484701 0.17866666666666667
0 0.7238325281803543 0.476 0.10950080515297907 0.15733333333333333
0 0.9879227053140096 0.3973333333333333 0.02254428341384863 0.128
0 0.6811594202898551 0.48133333333333334 0.0998389694041868 0.13066666666666665
0 0.36996779388083734 0.5546666666666666 0.05394524959742351 0.10666666666666667
0 0.572866344605475 0.5346666666666666 0.0571658615136876 0.136
0 0.5563607085346216 0.52 0.04186795491143317 0.11733333333333333
