0 0.8973429951690821 0.7266666666666667 0.2037037037037037 0.5413333333333333
0 0.4029790660225443 0.6293333333333333 0.15217391304347827 0.304
0 0.7991143317230274 0.7506666666666667 0.2745571658615137 0.49333333333333335
0 0.7085346215780999 0.632 0.14009661835748793 0.336
0 0.9573268921095008 0.48133333333333334 0.08373590982286634 0.20533333333333334
0 0.9070048309178744 0.476 0.15056360708534622 0.23733333333333334
0 0.8087761674718197 0.49466666666666664 0.12962962962962962 0.21066666666666667
0 0.4722222222222222 0.5213333333333333 0.05394524959742351 0.12
0 0.7363123993558777 0.4866666666666667 0.06843800322061191 0.104
0 0.6151368760064412 0.5053333333333333 0.037037037037037035 0.104
0 0.5052334943639292 0.5 0.036231884057971016 0.088
0 0.5817230273752013 0.444 0.036231884057971016 0.12
