0 0.8904991948470209 0.644 0.21739130434782608 0.7066666666666667
0 0.29871175523349436 0.5986666666666667 0.10466988727858294 0.232
0 0.32689210950080516 0.6493333333333333 0.17713365539452497 0.376
0 0.7467793880837359 0.4573333333333333 0.13446054750402575 0.16266666666666665
0 0.8377616747181964 0.43866666666666665 0.06682769726247988 0.10933333333333334
0 0.9496779388083736 0.41733333333333333 0.08293075684380032 0.13066666666666665
0 0.8756038647342995 0.44133333333333336 0.0748792270531401 0.09866666666666667
0 0.3828502415458937 0.54 0.04911433172302738 0.10933333333333334
0 0.35144927536231885 0.564 0.07326892109500806 0.15733333333333333
0 0.5571658615136876 0.504 0.040257648953301126 0.096
0 0.501610305958132 0.508 0.027375201288244767 0.072
0 0.4774557165861514 0.47333333333333333 0.030595813204508857 0.04
