0 0.893317230273752 0.7453333333333333 0.21175523349436393 0.504
0 0.6280193236714976 0.6413333333333333 0.13848631239935588 0.296
1 0.31561996779388085 0.6066666666666667 0.04186795491143317 0.2693333333333333
0 0.2604669887278583 0.6453333333333333 0.10869565217391304 0.22933333333333333
0 0.5434782608695652 0.564 0.08051529790660225 0.2
0 0.47946859903381644 0.5453333333333333 0.0426731078904992 0.104
0 0.34581320450885666 0.5466666666666666 0.033011272141706925 0.08533333333333333
0 0.45450885668276975 0.5306666666666666 0.02818035426731079 0.07466666666666667
2 0.33132045088566825 0.5173333333333333 0.008856682769726247 0.08
2 0.3244766505636071 0.5253333333333333 0.00966183574879227 0.08
1 0.3538647342995169 0.5933333333333334 0.03462157809983897 0.22133333333333333
