0 0.47300564061240935 0.5146276595744681 0.0273972602739726 0.08244680851063829
0 0.06124093473005641 0.7087765957446809 0.12248186946011282 0.3537234042553192
0 0.1563255439161966 0.7699468085106383 0.3126510878323932 0.45478723404255317
0 0.21716357775987108 0.5917553191489362 0.1168412570507655 0.18882978723404256
0 0.2784045124899275 0.5571808510638298 0.0652699435938759 0.1196808510638298
0 0.35294117647058826 0.5678191489361702 0.072522159548751 0.14095744680851063
0 0.4073327961321515 0.49069148936170215 0.0443190975020145 0.1622340425531915
0 0.4258662369057212 0.5172872340425532 0.023368251410153102 0.061170212765957445
0 0.040290088638195005 0.6156914893617021 0.08058017727639001 0.19414893617021275
0 0.13819500402900886 0.5625 0.11361804995970991 0.1622340425531915
0 0.2715551974214343 0.5345744680851063 0.05801772763900081 0.10638297872340426
