0 0.604351329572925 0.586436170212766 0.08702659145850121 0.19414893617021275
0 0.282433521353747 0.6449468085106383 0.1587429492344883 0.34308510638297873
0 0.5314262691377921 0.5066489361702128 0.031426269137792104 0.07712765957446809
0 0.08904109589041095 0.6382978723404256 0.1780821917808219 0.2978723404255319
0 0.3662369057211926 0.5664893617021277 0.07977437550362611 0.17553191489361702
0 0.266317485898469 0.5598404255319149 0.08138597904915391 0.14095744680851063
0 0.3259468170829976 0.535904255319149 0.04915390813859791 0.09840425531914894
0 0.3585817888799355 0.5039893617021277 0.03384367445608381 0.09308510638297872
0 0.4262691377921031 0.5106382978723404 0.0273972602739726 0.06382978723404255
0 0.3851732473811442 0.4933510638297872 0.032232070910556 0.07712765957446809
0 0.43674456083803387 0.5 0.020950846091861403 0.05319148936170213
0 0.483883964544722 0.5013297872340425 0.021756647864625302 0.06648936170212766
0 0.5044319097502015 0.48936170212765956 0.011281224818694601 0.03723404255319149
