1 0.6997549019607843 0.5283783783783784 0.05473856209150327 0.27297297297297296
2 0.928921568627451 0.6337837837837837 0.14052287581699346 0.727027027027027
2 0.7634803921568627 0.47162162162162163 0.01715686274509804 0.16486486486486487
2 0.47671568627450983 0.6067567567567568 0.041666666666666664 0.3918918918918919
2 0.4084967320261438 0.5905405405405405 0.05228758169934641 0.37567567567567567
2 0.4383169934640523 0.5797297297297297 0.051470588235294115 0.4189189189189189
2 0.7066993464052288 0.5108108108108108 0.029411764705882353 0.20540540540540542
2 0.8958333333333334 0.5067567567567568 0.03676470588235294 0.24054054054054055
2 0.9264705882352942 0.4905405405405405 0.0392156862745098 0.27837837837837837
2 0.9076797385620915 0.518918918918919 0.027777777777777776 0.22702702702702704
0 0.49836601307189543 0.45675675675675675 0.014705882352941176 0.05405405405405406
