0 0.492344883158743 0.5438829787234043 0.0547945205479452 0.1675531914893617
0 0.12409347300564061 0.5226063829787234 0.24818694601128122 0.949468085106383
0 0.09830781627719581 0.6329787234042553 0.19661563255439163 0.2765957446808511
0 0.23892022562449639 0.5691489361702128 0.09427880741337631 0.16489361702127658
0 0.3432715551974214 0.5784574468085106 0.09669621273166801 0.22074468085106383
0 0.31023368251410155 0.535904255319149 0.05801772763900081 0.10372340425531915
0 0.3920225624496374 0.5292553191489362 0.04754230459307011 0.11702127659574468
0 0.4117647058823529 0.5146276595744681 0.030620467365028204 0.07180851063829788
0 0.4282836422240129 0.5066489361702128 0.0249798549556809 0.061170212765957445
0 0.27598710717163577 0.5332446808510638 0.055600322320709106 0.08776595744680851
