0 0.8631239935587761 0.7653333333333333 0.2721417069243156 0.464
0 0.09098228663446055 0.7013333333333334 0.1819645732689211 0.4053333333333333
0 0.1960547504025765 0.6013333333333334 0.1956521739130435 0.23733333333333334
0 0.2560386473429952 0.5866666666666667 0.18357487922705315 0.20266666666666666
0 0.2773752012882448 0.568 0.15217391304347827 0.176
0 0.7129629629629629 0.692 0.19082125603864733 0.424
0 0.5768921095008052 0.556 0.05555555555555555 0.13066666666666665
0 0.32971014492753625 0.56 0.11030595813204509 0.14933333333333335
0 0.3474235104669887 0.54 0.09259259259259259 0.152
0 0.6252012882447665 0.5306666666666666 0.08293075684380032 0.09066666666666667
0 0.5289855072463768 0.4826666666666667 0.027375201288244767 0.096
0 0.41223832528180354 0.5066666666666667 0.05636070853462158 0.064
0 0.4255233494363929 0.496 0.050724637681159424 0.06933333333333333
0 0.5173107890499195 0.47333333333333333 0.020128824476650563 0.07733333333333334
