0 0.4895330112721417 0.548 0.04669887278582931 0.12533333333333332
0 0.04710144927536232 0.728 0.09420289855072464 0.5386666666666666
0 0.286231884057971 0.584 0.1360708534621578 0.192
0 0.3280998389694042 0.5746666666666667 0.10869565217391304 0.152
0 0.357890499194847 0.5386666666666666 0.07004830917874397 0.112
0 0.4311594202898551 0.552 0.04911433172302738 0.10666666666666667
0 0.6384863123993558 0.5373333333333333 0.15780998389694043 0.45066666666666666
0 0.571658615136876 0.5533333333333333 0.06602254428341385 0.152
0 0.5181159420289855 0.5053333333333333 0.021739130434782608 0.056
0 0.14855072463768115 0.5986666666666667 0.1280193236714976 0.18933333333333333
0 0.2278582930756844 0.5306666666666666 0.11272141706924316 0.21866666666666668
0 0.48993558776167473 0.5213333333333333 0.03140096618357488 0.09333333333333334
0 0.1143317230273752 0.5546666666666666 0.08695652173913043 0.12266666666666666
1 0.02938808373590982 0.5546666666666666 0.04750402576489533 0.13333333333333333
