0 0.8538647342995169 0.74 0.29066022544283415 0.5146666666666667
0 0.10909822866344605 0.7586666666666667 0.2181964573268921 0.47733333333333333
0 0.32286634460547503 0.5746666666666667 0.0821256038647343 0.168
0 0.3607085346215781 0.5533333333333333 0.057971014492753624 0.12
0 0.3836553945249597 0.5346666666666666 0.04106280193236715 0.09866666666666667
0 0.40217391304347827 0.5253333333333333 0.036231884057971016 0.08
0 0.6674718196457327 0.464 0.0821256038647343 0.10666666666666667
0 0.6364734299516909 0.4653333333333333 0.061996779388083734 0.09333333333333334
0 0.9307568438003221 0.4146666666666667 0.10789049919484701 0.104
0 0.895330112721417 0.41733333333333333 0.10144927536231885 0.104
0 0.8731884057971014 0.4226666666666667 0.09903381642512077 0.088
0 0.857487922705314 0.4226666666666667 0.09017713365539452 0.08266666666666667
0 0.5507246376811594 0.49866666666666665 0.030595813204508857 0.08
