0 0.6984702093397746 0.6666666666666666 0.21497584541062803 0.5066666666666667
0 0.0748792270531401 0.7493333333333333 0.1497584541062802 0.496
0 0.10909822866344605 0.696 0.2181964573268921 0.384
0 0.14452495974235105 0.6186666666666667 0.23107890499194847 0.288
0 0.24838969404186795 0.5493333333333333 0.1972624798711755 0.2613333333333333
0 0.21256038647342995 0.5906666666666667 0.178743961352657 0.264
0 0.6143317230273752 0.588 0.10144927536231885 0.22133333333333333
0 0.2721417069243156 0.5386666666666666 0.13526570048309178 0.21866666666666668
0 0.30877616747181963 0.548 0.11835748792270531 0.16266666666666665
0 0.3168276972624799 0.532 0.1247987117552335 0.15733333333333333
0 0.3643317230273752 0.508 0.0861513687600644 0.104
0 0.3832528180354267 0.49066666666666664 0.06924315619967794 0.10666666666666667
0 0.5406602254428341 0.512 0.036231884057971016 0.096
0 0.5780998389694042 0.5506666666666666 0.06602254428341385 0.168
0 0.5269726247987118 0.49066666666666664 0.026570048309178744 0.08
