0 0.946078431372549 0.5635135135135135 0.10620915032679738 0.13783783783783785
0 0.8937908496732027 0.5608108108108109 0.10130718954248366 0.13243243243243244
0 0.8251633986928104 0.5608108108108109 0.09477124183006536 0.14324324324324325
0 0.505718954248366 0.5067567567567568 0.027777777777777776 0.08378378378378379
1 0.5661764705882353 0.6256756756756757 0.10620915032679738 0.37027027027027026
1 0.6356209150326797 0.5864864864864865 0.11601307189542484 0.35135135135135137
1 0.3423202614379085 0.5391891891891892 0.032679738562091505 0.17567567567567569
2 0.15727124183006536 0.46621621621621623 0.01715686274509804 0.12702702702702703
2 0.02369281045751634 0.5418918918918919 0.04738562091503268 0.3054054054054054
2 0.17647058823529413 0.49864864864864866 0.021241830065359478 0.17027027027027028
2 0.15236928104575165 0.4918918918918919 0.022058823529411766 0.17297297297297298
2 0.6891339869281046 0.6472972972972973 0.05800653594771242 0.4945945945945946
2 0.7054738562091504 0.6297297297297297 0.05310457516339869 0.4594594594594595
2 0.8120915032679739 0.6391891891891892 0.06535947712418301 0.5378378378378378
2 0.8341503267973857 0.6905405405405406 0.08823529411764706 0.6135135135135135
