0 0.08454106280193237 0.7786666666666666 0.16908212560386474 0.43733333333333335
2 0.7306763285024155 0.544 0.033011272141706925 0.2826666666666667
0 0.7669082125603864 0.7013333333333334 0.21014492753623187 0.42133333333333334
0 0.6686795491143317 0.6093333333333333 0.11513687600644122 0.23733333333333334
0 0.3530595813204509 0.6026666666666667 0.10547504025764895 0.23466666666666666
0 0.3993558776167472 0.5693333333333334 0.0644122383252818 0.15733333333333333
0 0.6123188405797102 0.5586666666666666 0.07004830917874397 0.15733333333333333
0 0.42713365539452497 0.5386666666666666 0.04750402576489533 0.13333333333333333
0 0.47101449275362317 0.5226666666666666 0.043478260869565216 0.096
0 0.5897745571658615 0.5346666666666666 0.03784219001610306 0.12
0 0.5471014492753623 0.5066666666666667 0.0426731078904992 0.06933333333333333
