0 0.4943639291465378 0.5266666666666666 0.037037037037037035 0.11466666666666667
0 0.8828502415458938 0.704 0.23268921095008052 0.5866666666666667
0 0.7733494363929146 0.6573333333333333 0.19243156199677938 0.376
0 0.6956521739130435 0.596 0.1642512077294686 0.248
0 0.40177133655394526 0.5053333333333333 0.027375201288244767 0.056
0 0.2576489533011272 0.596 0.10144927536231885 0.18933333333333333
0 0.5998389694041868 0.524 0.09500805152979067 0.13066666666666665
0 0.5672302737520128 0.5106666666666667 0.071658615136876 0.09333333333333334
0 0.5434782608695652 0.488 0.05475040257648953 0.08533333333333333
0 0.36191626409017713 0.49733333333333335 0.03140096618357488 0.06666666666666667
0 0.37681159420289856 0.496 0.02576489533011272 0.058666666666666666
0 0.41183574879227053 0.48533333333333334 0.018518518518518517 0.037333333333333336
0 0.3385668276972625 0.49466666666666664 0.020128824476650563 0.050666666666666665
