0 0.8200483091787439 0.744 0.35829307568438 0.5066666666666667
0 0.27898550724637683 0.6773333333333333 0.14251207729468598 0.2826666666666667
0 0.5897745571658615 0.5813333333333334 0.07971014492753623 0.19733333333333333
0 0.3643317230273752 0.5746666666666667 0.07326892109500806 0.17333333333333334
0 0.40901771336553944 0.5346666666666666 0.03542673107890499 0.09333333333333334
1 0.4617552334943639 0.5026666666666667 0.007246376811594203 0.06133333333333333
1 0.47061191626409016 0.49733333333333335 0.007246376811594203 0.056
0 0.42914653784219003 0.52 0.024154589371980676 0.058666666666666666
0 0.5165056360708534 0.49466666666666664 0.015297906602254429 0.04
0 0.5406602254428341 0.5186666666666667 0.03784219001610306 0.104
