0 0.7097423510466989 0.5853333333333334 0.10064412238325282 0.34933333333333333
0 0.4219001610305958 0.6173333333333333 0.1320450885668277 0.22666666666666666
0 0.3252818035426731 0.58 0.14492753623188406 0.2693333333333333
0 0.5954106280193237 0.5333333333333333 0.05877616747181964 0.14933333333333335
0 0.9710144927536232 0.592 0.05636070853462158 0.24533333333333332
0 0.748792270531401 0.496 0.04508856682769726 0.12266666666666666
0 0.7906602254428341 0.4573333333333333 0.05314009661835749 0.152
0 0.7306763285024155 0.42933333333333334 0.04911433172302738 0.208
0 0.18156199677938809 0.6093333333333333 0.15861513687600645 0.18933333333333333
0 0.0893719806763285 0.6053333333333333 0.12399355877616747 0.15466666666666667
