0 0.9468954248366013 0.5689189189189189 0.10457516339869281 0.13783783783783785
0 0.8941993464052288 0.5608108108108109 0.10212418300653595 0.13243243243243244
0 0.8251633986928104 0.5608108108108109 0.09477124183006536 0.14324324324324325
0 0.505718954248366 0.5054054054054054 0.027777777777777776 0.08108108108108109
2 0.7373366013071896 0.6216216216216216 0.06781045751633986 0.42162162162162165
2 0.7724673202614379 0.6256756756756757 0.049836601307189546 0.37027027027027026
2 0.4652777777777778 0.577027027027027 0.041666666666666664 0.3054054054054054
2 0.23733660130718953 0.504054054054054 0.02696078431372549 0.17567567567567569
2 0.27124183006535946 0.5175675675675676 0.016339869281045753 0.1810810810810811
2 0.26062091503267976 0.5351351351351351 0.026143790849673203 0.22702702702702704
2 0.29330065359477125 0.5418918918918919 0.032679738562091505 0.20810810810810812
2 0.18341503267973855 0.518918918918919 0.022058823529411766 0.20540540540540542
2 0.2128267973856209 0.5216216216216216 0.02042483660130719 0.2
2 0.23733660130718953 0.5297297297297298 0.018790849673202614 0.1783783783783784
2 0.24632352941176472 0.518918918918919 0.028594771241830064 0.1837837837837838
