2 0.051879084967320264 0.6648648648648648 0.0923202614379085 0.5243243243243243
2 0.18259803921568626 0.5459459459459459 0.03022875816993464 0.2648648648648649
2 0.1650326797385621 0.5351351351351351 0.03104575163398693 0.2594594594594595
1 0.6809640522875817 0.5540540540540541 0.041666666666666664 0.2918918918918919
2 0.5032679738562091 0.5459459459459459 0.026143790849673203 0.1945945945945946
1 0.4056372549019608 0.5067567567567568 0.02042483660130719 0.13783783783783785
2 0.0727124183006536 0.6405405405405405 0.05392156862745098 0.43783783783783786
2 0.6446078431372549 0.49324324324324326 0.013071895424836602 0.14864864864864866
2 0.5678104575163399 0.4743243243243243 0.00980392156862745 0.0945945945945946
2 0.5388071895424836 0.4864864864864865 0.007352941176470588 0.0972972972972973
2 0.5506535947712419 0.4783783783783784 0.008169934640522876 0.0972972972972973
2 0.6017156862745098 0.46621621621621623 0.008986928104575163 0.0945945945945946
2 0.6123366013071896 0.46621621621621623 0.010620915032679739 0.1
