0 0.6710950080515298 0.6573333333333333 0.15861513687600645 0.3973333333333333
0 0.11594202898550725 0.692 0.2318840579710145 0.408
0 0.16183574879227053 0.624 0.24798711755233493 0.30933333333333335
0 0.19404186795491143 0.5786666666666667 0.1819645732689211 0.304
0 0.2359098228663446 0.5813333333333334 0.14653784219001612 0.18666666666666668
0 0.3079710144927536 0.5626666666666666 0.1247987117552335 0.15466666666666667
0 0.33413848631239934 0.5546666666666666 0.11272141706924316 0.14933333333333335
0 0.3389694041867955 0.536 0.08856682769726248 0.144
0 0.3494363929146538 0.5253333333333333 0.10789049919484701 0.13333333333333333
0 0.3723832528180354 0.5226666666666666 0.07648953301127215 0.10133333333333333
0 0.39009661835748793 0.49333333333333335 0.06682769726247988 0.10133333333333333
1 0.464573268921095 0.48933333333333334 0.00644122383252818 0.050666666666666665
0 0.5607890499194848 0.548 0.04750402576489533 0.12533333333333332
0 0.6183574879227053 0.5146666666666667 0.08695652173913043 0.11733333333333333
0 0.5165056360708534 0.49733333333333335 0.020128824476650563 0.050666666666666665
