0 0.47381144238517325 0.5305851063829787 0.037066881547139406 0.10904255319148937
0 0.23086220789685738 0.738031914893617 0.25543916196615635 0.5186170212765957
0 0.1385979049153908 0.6236702127659575 0.1643835616438356 0.2473404255319149
0 0.032232070910556 0.6023936170212766 0.064464141821112 0.21010638297872342
0 0.3041901692183723 0.5398936170212766 0.06365834004834811 0.13297872340425532
0 0.3827558420628525 0.5598404255319149 0.06285253827558421 0.14095744680851063
0 0.3440773569701853 0.5305851063829787 0.046736502820306204 0.09308510638297872
0 0.42224012892828366 0.5292553191489362 0.035455278001611606 0.0851063829787234
0 0.44077356970185333 0.4800531914893617 0.020950846091861403 0.08244680851063829
0 0.14746172441579372 0.5678191489361702 0.1063658340048348 0.15159574468085107
