0 0.39215686274509803 0.5378378378378378 0.07026143790849673 0.16216216216216217
1 0.7173202614379085 0.4648648648648649 0.05065359477124183 0.14594594594594595
1 0.6605392156862745 0.46756756756756757 0.041666666666666664 0.12972972972972974
2 0.4354575163398693 0.4905405405405405 0.0196078431372549 0.13243243243243244
1 0.5518790849673203 0.46621621621621623 0.03022875816993464 0.0891891891891892
2 0.34844771241830064 0.49864864864864866 0.018790849673202614 0.14324324324324325
1 0.2696078431372549 0.5337837837837838 0.049019607843137254 0.14864864864864866
2 0.3088235294117647 0.5175675675675676 0.0196078431372549 0.13783783783783785
2 0.3680555555555556 0.5067567567567568 0.010620915032679739 0.14324324324324325
0 0.8823529411764706 0.43648648648648647 0.08986928104575163 0.0891891891891892
