1 0.1606280193236715 0.632 0.09903381642512077 0.42133333333333334
1 0.21698872785829307 0.5986666666666667 0.07326892109500806 0.312
0 0.4029790660225443 0.496 0.0861513687600644 0.208
2 0.13768115942028986 0.5933333333333334 0.04508856682769726 0.168
1 0.5213365539452496 0.5253333333333333 0.03462157809983897 0.13866666666666666
2 0.7910628019323671 0.5346666666666666 0.023349436392914653 0.18933333333333333
2 0.7347020933977456 0.5266666666666666 0.020128824476650563 0.168
2 0.6763285024154589 0.5346666666666666 0.037037037037037035 0.12
2 0.6678743961352657 0.536 0.03784219001610306 0.10666666666666667
0 0.33494363929146537 0.516 0.06763285024154589 0.07733333333333334
