2 0.6163166397415186 0.6590909090909091 0.050080775444264945 0.4572192513368984
2 0.6878029079159935 0.6443850267379679 0.05250403877221325 0.45989304812834225
2 0.252827140549273 0.5949197860962567 0.04038772213247173 0.3074866310160428
2 0.5222132471728594 0.5427807486631016 0.023424878836833602 0.20320855614973263
2 0.6801292407108239 0.5641711229946524 0.045234248788368334 0.3048128342245989
2 0.8962035541195477 0.6029411764705882 0.062197092084006464 0.45187165775401067
2 0.8610662358642972 0.5681818181818182 0.04038772213247173 0.35561497326203206
2 0.33521809369951533 0.570855614973262 0.025848142164781908 0.232620320855615
2 0.3105815831987076 0.5655080213903744 0.021809369951534735 0.23796791443850268
2 0.9240710823909531 0.5641711229946524 0.05815831987075929 0.39037433155080214
0 0.4365912762520194 0.4839572192513369 0.02988691437802908 0.0962566844919786
0 0.3562197092084006 0.5080213903743316 0.07108239095315025 0.1925133689839572
0 0.38287560581583197 0.5 0.045234248788368334 0.1443850267379679
