0 0.4153908138597905 0.5106382978723404 0.016921837228041903 0.047872340425531915
0 0.45688960515713134 0.5545212765957447 0.05801772763900081 0.1622340425531915
0 0.09307010475423046 0.6968085106382979 0.1861402095084609 0.34574468085106386
0 0.37308622078968573 0.5518617021276596 0.048348106365834004 0.14627659574468085
0 0.21555197421434327 0.5824468085106383 0.0991136180499597 0.1702127659574468
0 0.13215149073327961 0.574468085106383 0.1095890410958904 0.15425531914893617
0 0.290088638195004 0.5398936170212766 0.046736502820306204 0.10106382978723404
0 0.19701853344077358 0.5226063829787234 0.0717163577759871 0.14095744680851063
0 0.31385979049153906 0.523936170212766 0.0346494762288477 0.07446808510638298
0 0.24939564867042707 0.526595744680851 0.0362610797743755 0.06914893617021277
0 0.3396454472199839 0.48936170212765956 0.0249798549556809 0.09574468085106383
