2 0.9722222222222222 0.64 0.05394524959742351 0.6293333333333333
0 0.9714170692431562 0.7666666666666667 0.05555555555555555 0.4613333333333333
0 0.8293075684380032 0.748 0.3027375201288245 0.49866666666666665
0 0.2222222222222222 0.7146666666666667 0.23993558776167473 0.464
0 0.34581320450885666 0.6173333333333333 0.10547504025764895 0.24266666666666667
0 0.6618357487922706 0.6026666666666667 0.11755233494363929 0.24533333333333332
0 0.40096618357487923 0.552 0.0644122383252818 0.176
0 0.45893719806763283 0.5293333333333333 0.05314009661835749 0.12
0 0.6115136876006442 0.5466666666666666 0.05394524959742351 0.15466666666666667
0 0.5466988727858293 0.5106666666666667 0.04669887278582931 0.08266666666666667
0 0.6606280193236715 0.42933333333333334 0.03784219001610306 0.10133333333333333
