0 0.4963768115942029 0.5226666666666666 0.03462157809983897 0.10666666666666667
0 0.023349436392914653 0.6306666666666667 0.04669887278582931 0.264
0 0.8896940418679549 0.7133333333333334 0.21900161030595813 0.568
0 0.7765700483091788 0.6413333333333333 0.20048309178743962 0.36533333333333334
0 0.67914653784219 0.588 0.15217391304347827 0.24266666666666667
0 0.6324476650563607 0.5573333333333333 0.11996779388083736 0.208
0 0.6163446054750402 0.5426666666666666 0.10869565217391304 0.15733333333333333
0 0.5974235104669887 0.5253333333333333 0.09500805152979067 0.144
0 0.5809178743961353 0.5106666666666667 0.0748792270531401 0.09333333333333334
0 0.42351046698872785 0.5053333333333333 0.020933977455716585 0.050666666666666665
0 0.5563607085346216 0.5 0.05636070853462158 0.072
0 0.5418679549114331 0.492 0.04669887278582931 0.056
0 0.532608695652174 0.48133333333333334 0.039452495974235106 0.06133333333333333
0 0.3993558776167472 0.492 0.020933977455716585 0.050666666666666665
0 0.3788244766505636 0.49066666666666664 0.013687600644122383 0.037333333333333336
