0 0.4967793880837359 0.5226666666666666 0.040257648953301126 0.128
0 0.2644927536231884 0.5906666666666667 0.09742351046698873 0.17333333333333334
0 0.7310789049919485 0.6066666666666667 0.18840579710144928 0.32266666666666666
0 0.6296296296296297 0.544 0.12077294685990338 0.17066666666666666
0 0.6127214170692431 0.5333333333333333 0.0966183574879227 0.144
0 0.6026570048309179 0.512 0.08132045088566828 0.13333333333333333
0 0.5680354267310789 0.48933333333333334 0.0748792270531401 0.12
0 0.5531400966183575 0.49733333333333335 0.057971014492753624 0.07733333333333334
0 0.5370370370370371 0.4826666666666667 0.040257648953301126 0.05333333333333334
0 0.32286634460547503 0.5106666666666667 0.04669887278582931 0.088
0 0.43438003220611915 0.464 0.02818035426731079 0.08533333333333333
0 0.34863123993558776 0.504 0.03542673107890499 0.07466666666666667
0 0.3691626409017713 0.504 0.02818035426731079 0.05333333333333334
0 0.40136876006441224 0.488 0.021739130434782608 0.042666666666666665
0 0.2995169082125604 0.5026666666666667 0.028985507246376812 0.06666666666666667
0 0.09178743961352658 0.5133333333333333 0.033816425120772944 0.072
