0 0.9259259259259259 0.7613333333333333 0.14653784219001612 0.472
0 0.09903381642512077 0.696 0.19806763285024154 0.432
0 0.5289855072463768 0.5253333333333333 0.028985507246376812 0.06933333333333333
0 0.3820450885668277 0.5226666666666666 0.07971014492753623 0.096
0 0.6288244766505636 0.5493333333333333 0.0998389694041868 0.12266666666666666
0 0.30193236714975846 0.548 0.13687600644122383 0.184
0 0.2673107890499195 0.592 0.17391304347826086 0.208
0 0.14452495974235105 0.6573333333333333 0.2890499194847021 0.328
0 0.7399355877616747 0.5946666666666667 0.15942028985507245 0.21333333333333335
0 0.788647342995169 0.6226666666666667 0.19082125603864733 0.232
