0 0.9424315619967794 0.676 0.11352657004830918 0.6426666666666667
0 0.9577294685990339 0.6826666666666666 0.08293075684380032 0.512
0 0.40217391304347827 0.536 0.05555555555555555 0.20266666666666666
0 0.7971014492753623 0.47333333333333333 0.2463768115942029 0.31733333333333336
0 0.20330112721417068 0.5746666666666667 0.09742351046698873 0.16266666666666665
0 0.10547504025764895 0.5586666666666666 0.12560386473429952 0.22133333333333333
0 0.3309178743961353 0.5173333333333333 0.043478260869565216 0.10666666666666667
0 0.5740740740740741 0.52 0.07568438003220612 0.13866666666666666
0 0.4384057971014493 0.4866666666666667 0.029790660225442835 0.088
0 0.4714170692431562 0.456 0.029790660225442835 0.112
0 0.6227858293075684 0.512 0.07809983896940419 0.144
0 0.6884057971014492 0.5253333333333333 0.09500805152979067 0.12266666666666666
0 0.9565217391304348 0.44533333333333336 0.0853462157809984 0.20266666666666666
0 0.43397745571658614 0.44 0.0322061191626409 0.16
