0 0.27616747181964574 0.6813333333333333 0.1642512077294686 0.31733333333333336
0 0.12600644122383253 0.7586666666666667 0.25201288244766507 0.47733333333333333
0 0.6807568438003221 0.5493333333333333 0.10547504025764895 0.20266666666666666
0 0.3643317230273752 0.5893333333333334 0.0861513687600644 0.19733333333333333
0 0.4106280193236715 0.5613333333333334 0.05152979066022544 0.13066666666666665
0 0.42592592592592593 0.544 0.043478260869565216 0.10666666666666667
0 0.5511272141706924 0.5333333333333333 0.04106280193236715 0.11733333333333333
0 0.67914653784219 0.5106666666666667 0.13285024154589373 0.14666666666666667
0 0.5660225442834138 0.528 0.04830917874396135 0.096
0 0.5950080515297906 0.508 0.0499194847020934 0.088
0 0.5479066022544283 0.468 0.03140096618357488 0.034666666666666665
