0 0.9464869281045751 0.5648648648648649 0.1053921568627451 0.14054054054054055
0 0.8937908496732027 0.5608108108108109 0.10130718954248366 0.13243243243243244
0 0.8251633986928104 0.5608108108108109 0.09477124183006536 0.14324324324324325
0 0.505718954248366 0.5054054054054054 0.027777777777777776 0.08108108108108109
1 0.45383986928104575 0.572972972972973 0.05473856209150327 0.25405405405405407
1 0.505718954248366 0.5513513513513514 0.05718954248366013 0.24864864864864866
1 0.3880718954248366 0.5121621621621621 0.0196078431372549 0.11621621621621622
2 0.1548202614379085 0.4648648648648649 0.013888888888888888 0.12972972972972974
2 0.08496732026143791 0.5256756756756756 0.03431372549019608 0.25135135135135134
2 0.2005718954248366 0.4945945945945946 0.018790849673202614 0.15675675675675677
2 0.17401960784313725 0.4864864864864865 0.0196078431372549 0.15675675675675677
2 0.5669934640522876 0.6189189189189189 0.04411764705882353 0.41081081081081083
2 0.6037581699346405 0.6 0.05392156862745098 0.3891891891891892
2 0.6687091503267973 0.6108108108108108 0.0988562091503268 0.4540540540540541
2 0.9522058823529411 0.6905405405405406 0.09395424836601307 0.6135135135135135
2 0.6629901960784313 0.6459459459459459 0.06454248366013073 0.5027027027027027
