0 0.9468954248366013 0.5662162162162162 0.10457516339869281 0.13783783783783785
0 0.8941993464052288 0.5608108108108109 0.10212418300653595 0.13243243243243244
0 0.8251633986928104 0.5608108108108109 0.09477124183006536 0.14324324324324325
0 0.505718954248366 0.5054054054054054 0.027777777777777776 0.08108108108108109
2 0.991421568627451 0.7067567567567568 0.015522875816993464 0.581081081081081
2 0.1621732026143791 0.47162162162162163 0.013888888888888888 0.12702702702702703
2 0.2540849673202614 0.49594594594594593 0.014705882352941176 0.13783783783783785
1 0.43014705882352944 0.4972972972972973 0.02042483660130719 0.12972972972972974
2 0.21977124183006536 0.4743243243243243 0.014705882352941176 0.11621621621621622
2 0.28717320261437906 0.5472972972972973 0.03022875816993464 0.24594594594594596
2 0.31290849673202614 0.5418918918918919 0.0457516339869281 0.23513513513513515
2 0.3431372549019608 0.5527027027027027 0.0392156862745098 0.25675675675675674
2 0.4452614379084967 0.5878378378378378 0.0392156862745098 0.33783783783783783
2 0.4852941176470588 0.5756756756756757 0.0457516339869281 0.2972972972972973
2 0.3202614379084967 0.5878378378378378 0.032679738562091505 0.3108108108108108
2 0.3590686274509804 0.5756756756756757 0.035130718954248366 0.2972972972972973
2 0.3888888888888889 0.5716216216216217 0.0392156862745098 0.26216216216216215
2 0.2883986928104575 0.5594594594594594 0.032679738562091505 0.2648648648648649
