0 0.2363123993558776 0.7213333333333334 0.2069243156199678 0.38133333333333336
0 0.0966183574879227 0.7666666666666667 0.1932367149758454 0.4613333333333333
0 0.7016908212560387 0.5573333333333333 0.12318840579710146 0.22933333333333333
0 0.35185185185185186 0.6026666666666667 0.0966183574879227 0.21866666666666668
0 0.40418679549114334 0.5653333333333334 0.05636070853462158 0.13866666666666666
0 0.4214975845410628 0.5506666666666666 0.04589371980676329 0.11466666666666667
0 0.5539452495974235 0.5373333333333333 0.043478260869565216 0.12533333333333332
0 0.6944444444444444 0.5133333333333333 0.1457326892109501 0.16266666666666665
0 0.5692431561996779 0.5306666666666666 0.0499194847020934 0.10133333333333333
0 0.5990338164251208 0.512 0.05152979066022544 0.096
0 0.571658615136876 0.468 0.0322061191626409 0.034666666666666665
