0 0.4500402900886382 0.5093085106382979 0.016921837228041903 0.05053191489361702
0 0.038678485092667206 0.7566489361702128 0.07735697018533441 0.48138297872340424
0 0.5346494762288477 0.5904255319148937 0.08783239323126511 0.21808510638297873
0 0.19863013698630136 0.648936170212766 0.1506849315068493 0.26595744680851063
0 0.11845286059629331 0.5664893617021277 0.15471394037066882 0.24468085106382978
0 0.2876712328767123 0.5837765957446809 0.08058017727639001 0.1622340425531915
0 0.42506043513295727 0.5398936170212766 0.0378726833199033 0.11702127659574468
0 0.3195004029008864 0.5452127659574468 0.053988718775181306 0.11170212765957446
0 0.24536663980660758 0.5478723404255319 0.0652699435938759 0.11170212765957446
0 0.3533440773569702 0.5252659574468085 0.031426269137792104 0.07712765957446809
0 0.2771958098307816 0.5132978723404256 0.0499597099113618 0.11170212765957446
0 0.3638195004029009 0.5146276595744681 0.0249798549556809 0.061170212765957445
0 0.379129734085415 0.4920212765957447 0.020145044319097503 0.0797872340425532
