0 0.4931506849315068 0.5159574468085106 0.019339242546333603 0.05319148936170213
0 0.14907332796132153 0.7287234042553191 0.24818694601128122 0.4574468085106383
0 0.07534246575342465 0.6023936170212766 0.1506849315068493 0.32180851063829785
0 0.6518936341659952 0.6595744680851063 0.16116035455278002 0.35106382978723405
0 0.32473811442385175 0.586436170212766 0.08058017727639001 0.1675531914893617
0 0.23086220789685738 0.5492021276595744 0.10394842868654311 0.18882978723404256
0 0.36865431103948426 0.5598404255319149 0.052377115229653506 0.1196808510638298
0 0.467767929089444 0.5345744680851063 0.0346494762288477 0.10638297872340426
0 0.306607574536664 0.538563829787234 0.053988718775181306 0.09840425531914894
0 0.40370668815471394 0.5226063829787234 0.024174053182917002 0.06648936170212766
0 0.33521353746978244 0.511968085106383 0.040290088638195005 0.09840425531914894
0 0.42062852538275586 0.4920212765957447 0.016116035455278 0.07446808510638298
