0 0.27124183006535946 0.6891891891891891 0.20261437908496732 0.4
1 0.9848856209150327 0.4554054054054054 0.028594771241830064 0.21351351351351353
2 0.5061274509803921 0.5256756756756756 0.03839869281045752 0.22432432432432434
1 0.7520424836601307 0.4648648648648649 0.041666666666666664 0.11891891891891893
2 0.33578431372549017 0.55 0.027777777777777776 0.26216216216216215
1 0.744281045751634 0.4689189189189189 0.024509803921568627 0.14324324324324325
2 0.1352124183006536 0.5716216216216217 0.02696078431372549 0.1864864864864865
2 0.1156045751633987 0.5797297297297297 0.02369281045751634 0.1810810810810811
1 0.28145424836601307 0.5648648648648649 0.07598039215686274 0.23243243243243245
2 0.11723856209150327 0.5756756756756757 0.03022875816993464 0.1891891891891892
2 0.07516339869281045 0.5864864864864865 0.04084967320261438 0.24324324324324326
2 0.20098039215686275 0.5540540540540541 0.021241830065359478 0.23243243243243245
0 0.9436274509803921 0.4554054054054054 0.1111111111111111 0.10540540540540541
