0 0.7665056360708534 0.49866666666666665 0.3446054750402576 0.9973333333333333
0 0.6103059581320451 0.5666666666666667 0.0998389694041868 0.28
0 0.5780998389694042 0.5466666666666666 0.06763285024154589 0.16533333333333333
0 0.534621578099839 0.528 0.043478260869565216 0.10666666666666667
0 0.10789049919484701 0.584 0.06924315619967794 0.144
1 0.40499194847020936 0.5186666666666667 0.011272141706924315 0.09333333333333334
0 0.3808373590982287 0.5386666666666666 0.03542673107890499 0.09066666666666667
0 0.5056360708534622 0.5146666666666667 0.04186795491143317 0.096
0 0.4742351046698873 0.5146666666666667 0.028985507246376812 0.064
1 0.4194847020933977 0.5146666666666667 0.011272141706924315 0.08533333333333333
