0 0.5084541062801933 0.5666666666666667 0.05394524959742351 0.168
0 0.717391304347826 0.5986666666666667 0.16264090177133655 0.2906666666666667
0 0.6107085346215781 0.544 0.08132045088566828 0.13866666666666666
0 0.5772946859903382 0.5306666666666666 0.06924315619967794 0.096
0 0.107085346215781 0.6973333333333334 0.214170692431562 0.36
0 0.36996779388083734 0.544 0.05394524959742351 0.11733333333333333
0 0.4307568438003221 0.516 0.0322061191626409 0.072
0 0.22665056360708535 0.5786666666666667 0.09903381642512077 0.144
0 0.2830112721417069 0.5453333333333333 0.061996779388083734 0.13066666666666665
0 0.47302737520128824 0.5013333333333333 0.023349436392914653 0.042666666666666665
0 0.3474235104669887 0.5266666666666666 0.04589371980676329 0.08266666666666667
0 0.4074074074074074 0.516 0.037037037037037035 0.056
0 0.08574879227053141 0.572 0.107085346215781 0.14666666666666667
0 0.10265700483091787 0.54 0.09903381642512077 0.09866666666666667
0 0.534621578099839 0.49466666666666664 0.01932367149758454 0.04
