0 0.14210950080515297 0.7226666666666667 0.21014492753623187 0.368
0 0.357487922705314 0.6186666666666667 0.09339774557165861 0.224
0 0.24919484702093397 0.6373333333333333 0.1247987117552335 0.24
1 0.6936392914653784 0.592 0.09581320450885668 0.2613333333333333
0 0.9440418679549114 0.5373333333333333 0.11030595813204509 0.2693333333333333
1 0.9871175523349437 0.7106666666666667 0.024154589371980676 0.5733333333333334
1 0.7620772946859904 0.6106666666666667 0.11191626409017713 0.304
0 0.42914653784219003 0.5293333333333333 0.0322061191626409 0.09333333333333334
0 0.5475040257648953 0.5226666666666666 0.07407407407407407 0.096
0 0.5189210950080515 0.5053333333333333 0.050724637681159424 0.072
0 0.40499194847020936 0.544 0.05636070853462158 0.17066666666666666
