2 0.4975767366720517 0.5481283422459893 0.017770597738287562 0.16042780748663102
2 0.5105008077544426 0.5454545454545454 0.01938610662358643 0.18181818181818182
2 0.02665589660743134 0.6938502673796791 0.05331179321486268 0.3877005347593583
2 0.11833602584814217 0.7286096256684492 0.0864297253634895 0.5374331550802139
2 0.7027463651050081 0.6550802139037433 0.061389337641357025 0.48663101604278075
2 0.8885298869143781 0.6831550802139037 0.10177705977382875 0.6283422459893048
2 0.4418416801292407 0.5548128342245989 0.022617124394184167 0.19518716577540107
0 0.3554119547657512 0.5641711229946524 0.11631663974151858 0.29411764705882354
0 0.4091276252019386 0.5334224598930482 0.06381260096930533 0.20053475935828877
2 0.6663974151857835 0.6016042780748663 0.04038772213247173 0.2192513368983957
