0 0.463365539452496 0.544 0.039452495974235106 0.10133333333333333
0 0.24677938808373592 0.6093333333333333 0.14412238325281804 0.19466666666666665
0 0.30112721417069244 0.5773333333333334 0.10305958132045089 0.17333333333333334
0 0.35829307568438 0.552 0.0821256038647343 0.112
0 0.3808373590982287 0.5426666666666666 0.06280193236714976 0.09866666666666667
0 0.39573268921095006 0.5133333333333333 0.06521739130434782 0.104
0 0.6662640901771336 0.7013333333333334 0.17310789049919484 0.4
0 0.607085346215781 0.6226666666666667 0.08695652173913043 0.22666666666666666
0 0.5684380032206119 0.5773333333333334 0.06763285024154589 0.168
0 0.539049919484702 0.46266666666666667 0.06360708534621579 0.27466666666666667
0 0.1574074074074074 0.5666666666666667 0.0861513687600644 0.12
0 0.4778582930756844 0.528 0.029790660225442835 0.08533333333333333
