0 0.49798711755233493 0.528 0.04106280193236715 0.128
0 0.19122383252818034 0.64 0.15056360708534622 0.24
0 0.7818035426731079 0.6493333333333333 0.22061191626409019 0.408
0 0.645330112721417 0.56 0.13285024154589373 0.19733333333333333
0 0.6252012882447665 0.5413333333333333 0.10547504025764895 0.16
0 0.6119162640901772 0.52 0.08695652173913043 0.144
0 0.5736714975845411 0.49333333333333335 0.07971014492753623 0.128
0 0.5571658615136876 0.49866666666666665 0.061191626409017714 0.08
0 0.539049919484702 0.4866666666666667 0.04106280193236715 0.056
0 0.3148148148148148 0.516 0.0499194847020934 0.09333333333333334
0 0.4303542673107891 0.468 0.029790660225442835 0.088
0 0.3425925925925926 0.512 0.03784219001610306 0.08
0 0.36513687600644124 0.508 0.029790660225442835 0.056
0 0.3993558776167472 0.49466666666666664 0.024154589371980676 0.04533333333333334
0 0.2922705314009662 0.508 0.030595813204508857 0.06666666666666667
0 0.07286634460547504 0.5186666666666667 0.03462157809983897 0.07733333333333334
