0 0.4963768115942029 0.5213333333333333 0.03462157809983897 0.10933333333333334
0 0.9834943639291466 0.7133333333333334 0.03140096618357488 0.568
0 0.8542673107890499 0.7026666666666667 0.24476650563607086 0.504
0 0.715378421900161 0.6213333333333333 0.177938808373591 0.304
0 0.6541867954911433 0.5733333333333334 0.1360708534621578 0.24533333333333332
0 0.6312399355877617 0.5506666666666666 0.12077294685990338 0.17866666666666667
0 0.6086956521739131 0.5306666666666666 0.10466988727858294 0.16
0 0.5865539452495975 0.5146666666666667 0.07971014492753623 0.10133333333333333
0 0.4170692431561997 0.5106666666666667 0.02254428341384863 0.056
0 0.5599838969404187 0.5 0.05877616747181964 0.07733333333333334
0 0.5434782608695652 0.49466666666666664 0.04830917874396135 0.06133333333333333
0 0.534219001610306 0.48133333333333334 0.04106280193236715 0.06133333333333333
0 0.3961352657004831 0.492 0.02254428341384863 0.050666666666666665
0 0.3752012882447665 0.49066666666666664 0.014492753623188406 0.037333333333333336
