0 0.4782433521353747 0.511968085106383 0.0346494762288477 0.10372340425531915
0 0.032232070910556 0.660904255319149 0.064464141821112 0.300531914893617
0 0.13174858984689766 0.7101063829787234 0.2634971796937953 0.425531914893617
0 0.20829975825946817 0.5558510638297872 0.1168412570507655 0.21808510638297873
0 0.3662369057211926 0.5066489361702128 0.08138597904915391 0.24202127659574468
0 0.27961321514907334 0.5465425531914894 0.06285253827558421 0.11436170212765957
0 0.4073327961321515 0.5053191489361702 0.0378726833199033 0.10106382978723404
0 0.4234488315874295 0.5079787234042553 0.0249798549556809 0.05851063829787234
0 0.435535858178888 0.4747340425531915 0.023368251410153102 0.08244680851063829
0 0.1232876712328767 0.5718085106382979 0.12570507655116842 0.16489361702127658
