0 0.4251207729468599 0.52 0.02576489533011272 0.07466666666666667
0 0.1706924315619968 0.5146666666666667 0.05636070853462158 0.09066666666666667
0 0.21578099838969403 0.5173333333333333 0.04508856682769726 0.06933333333333333
0 0.9001610305958132 0.576 0.09178743961352658 0.10666666666666667
0 0.25120772946859904 0.516 0.03864734299516908 0.06133333333333333
0 0.4476650563607085 0.508 0.01932367149758454 0.050666666666666665
0 0.47946859903381644 0.5426666666666666 0.04106280193236715 0.136
0 0.10547504025764895 0.5293333333333333 0.07729468599033816 0.09333333333333334
1 0.7359098228663447 0.564 0.024154589371980676 0.12533333333333332
0 0.9702093397745571 0.5746666666666667 0.057971014492753624 0.09866666666666667
