0 0.05636070853462158 0.788 0.11272141706924316 0.4186666666666667
0 0.7979066022544283 0.7506666666666667 0.3639291465378422 0.49333333333333335
0 0.18075684380032206 0.7613333333333333 0.30515297906602257 0.472
0 0.3148148148148148 0.6266666666666667 0.10950080515297907 0.256
0 0.3679549114331723 0.58 0.07890499194847021 0.17333333333333334
0 0.6421095008051529 0.6106666666666667 0.12962962962962962 0.26666666666666666
0 0.5954106280193237 0.5533333333333333 0.07004830917874397 0.17333333333333334
0 0.788244766505636 0.49333333333333335 0.1111111111111111 0.16533333333333333
0 0.533011272141707 0.508 0.033816425120772944 0.07733333333333334
0 0.4927536231884058 0.49866666666666665 0.027375201288244767 0.05333333333333334
0 0.46578099838969406 0.4866666666666667 0.03140096618357488 0.04533333333333334
1 0.41827697262479874 0.488 0.015297906602254429 0.05333333333333334
