0 0.5591787439613527 0.5493333333333333 0.05394524959742351 0.13866666666666666
0 0.19524959742351047 0.768 0.2391304347826087 0.4533333333333333
0 0.7789855072463768 0.5346666666666666 0.19082125603864733 0.184
0 0.7334943639291466 0.49466666666666664 0.1497584541062802 0.2
0 0.35909822866344604 0.5493333333333333 0.05152979066022544 0.12266666666666666
0 0.27334943639291465 0.612 0.09742351046698873 0.18933333333333333
0 0.6706924315619968 0.5013333333333333 0.10789049919484701 0.128
0 0.39533011272141705 0.5306666666666666 0.033816425120772944 0.08
0 0.894927536231884 0.46 0.10064412238325282 0.10933333333333334
0 0.857487922705314 0.46266666666666667 0.09500805152979067 0.088
0 0.9585346215780999 0.43733333333333335 0.08132045088566828 0.16
