0 0.8647342995169082 0.7506666666666667 0.2689210950080515 0.49333333333333335
0 0.214170692431562 0.7493333333333333 0.20611916264090177 0.3893333333333333
0 0.6139291465378421 0.6093333333333333 0.10225442834138486 0.248
0 0.3462157809983897 0.596 0.08856682769726248 0.20533333333333334
0 0.4033816425120773 0.5453333333333333 0.03864734299516908 0.104
1 0.4605475040257649 0.5093333333333333 0.008051529790660225 0.064
1 0.46980676328502413 0.508 0.007246376811594203 0.06133333333333333
0 0.42632850241545894 0.5253333333333333 0.026570048309178744 0.064
0 0.5185185185185185 0.5026666666666667 0.01610305958132045 0.04533333333333334
0 0.5471014492753623 0.532 0.0426731078904992 0.11466666666666667
