0 0.13768115942028986 0.6386666666666667 0.2753623188405797 0.37066666666666664
0 0.16505636070853463 0.48 0.33011272141706927 0.5386666666666666
0 0.7435587761674718 0.7466666666666667 0.26811594202898553 0.5013333333333333
0 0.8027375201288245 0.5973333333333334 0.1932367149758454 0.24
0 0.7125603864734299 0.564 0.178743961352657 0.184
0 0.2922705314009662 0.532 0.14492753623188406 0.168
0 0.5221417069243156 0.488 0.021739130434782608 0.05333333333333334
0 0.4102254428341385 0.484 0.05877616747181964 0.072
0 0.5885668276972624 0.5013333333333333 0.06763285024154589 0.08533333333333333
0 0.3663446054750403 0.512 0.09339774557165861 0.11733333333333333
0 0.6356682769726248 0.516 0.0861513687600644 0.12
