0 0.9174718196457327 0.7346666666666667 0.16344605475040258 0.5253333333333333
0 0.7576489533011272 0.6986666666666667 0.2753623188405797 0.5973333333333334
0 0.6360708534621579 0.5813333333333334 0.13043478260869565 0.3466666666666667
0 0.5925925925925926 0.5506666666666666 0.06924315619967794 0.19466666666666665
2 0.5487117552334944 0.49333333333333335 0.012077294685990338 0.11733333333333333
2 0.5515297906602254 0.49866666666666665 0.011272141706924315 0.112
0 0.43719806763285024 0.5 0.02576489533011272 0.08266666666666667
2 0.499597423510467 0.48933333333333334 0.008856682769726247 0.072
0 0.35628019323671495 0.56 0.06521739130434782 0.14933333333333335
0 0.04428341384863124 0.7853333333333333 0.08856682769726248 0.424
0 0.14251207729468598 0.74 0.26247987117552335 0.456
0 0.28019323671497587 0.6133333333333333 0.12238325281803543 0.256
