0 0.4859098228663446 0.568 0.04750402576489533 0.13333333333333333
0 0.19041867954911434 0.6426666666666667 0.15217391304347827 0.2826666666666667
0 0.3285024154589372 0.7133333333333334 0.1642512077294686 0.33866666666666667
0 0.3824476650563607 0.6173333333333333 0.07890499194847021 0.22133333333333333
0 0.4029790660225443 0.5826666666666667 0.06038647342995169 0.152
0 0.3276972624798712 0.5653333333333334 0.08856682769726248 0.13333333333333333
0 0.44524959742351045 0.5266666666666666 0.024154589371980676 0.06133333333333333
2 0.9754428341384863 0.7586666666666667 0.04750402576489533 0.47733333333333333
0 0.822866344605475 0.7653333333333333 0.3526570048309179 0.464
0 0.6602254428341385 0.7053333333333334 0.1642512077294686 0.33866666666666667
0 0.5929951690821256 0.5933333333333334 0.07971014492753623 0.21066666666666667
0 0.5269726247987118 0.5413333333333333 0.033011272141706925 0.08533333333333333
0 0.5237520128824477 0.4786666666666667 0.04106280193236715 0.16266666666666665
0 0.22423510466988728 0.5413333333333333 0.06038647342995169 0.08533333333333333
0 0.4806763285024155 0.5373333333333333 0.030595813204508857 0.09333333333333334
0 0.11916264090177134 0.5533333333333333 0.09339774557165861 0.12
