0 0.4694041867954911 0.5533333333333333 0.04508856682769726 0.12533333333333332
0 0.2463768115942029 0.584 0.17552334943639292 0.24533333333333332
0 0.34822866344605474 0.544 0.09098228663446055 0.11733333333333333
0 0.3679549114331723 0.54 0.07568438003220612 0.09866666666666667
0 0.4351851851851852 0.5293333333333333 0.03462157809983897 0.07733333333333334
0 0.9182769726247987 0.78 0.16183574879227053 0.43466666666666665
0 0.5587761674718197 0.512 0.07890499194847021 0.23466666666666666
0 0.2999194847020934 0.5146666666666667 0.06843800322061191 0.144
0 0.47987117552334946 0.5306666666666666 0.0322061191626409 0.096
1 0.1823671497584541 0.524 0.023349436392914653 0.08266666666666667
