0 0.4851046698872786 0.5026666666666667 0.020128824476650563 0.06133333333333333
0 0.3534621578099839 0.6253333333333333 0.10628019323671498 0.248
0 0.927133655394525 0.7626666666666667 0.14412238325281804 0.4693333333333333
0 0.8144122383252818 0.7346666666666667 0.3695652173913043 0.5253333333333333
0 0.6537842190016103 0.6493333333333333 0.13365539452495975 0.38133333333333336
0 0.57085346215781 0.56 0.06602254428341385 0.16533333333333333
0 0.5305958132045089 0.5186666666666667 0.030595813204508857 0.088
0 0.5527375201288245 0.5373333333333333 0.04750402576489533 0.136
0 0.3075684380032206 0.536 0.0644122383252818 0.08
0 0.2246376811594203 0.54 0.07246376811594203 0.08266666666666667
0 0.5157004830917874 0.5026666666666667 0.020128824476650563 0.056
2 0.6976650563607085 0.5613333333333334 0.03462157809983897 0.30666666666666664
