0 0.13325281803542674 0.776 0.2665056360708535 0.44266666666666665
0 0.39331723027375204 0.5906666666666667 0.07326892109500806 0.2
0 0.4307568438003221 0.5506666666666666 0.04186795491143317 0.12
0 0.44605475040257647 0.504 0.03542673107890499 0.128
0 0.15136876006441224 0.708 0.21256038647342995 0.376
0 0.5982286634460547 0.552 0.1143317230273752 0.14933333333333335
0 0.5793075684380032 0.5386666666666666 0.09581320450885668 0.112
0 0.5462962962962963 0.5186666666666667 0.06843800322061191 0.09333333333333334
0 0.464573268921095 0.5026666666666667 0.024154589371980676 0.07733333333333334
0 0.3136070853462158 0.6413333333333333 0.17310789049919484 0.456
1 0.9424315619967794 0.584 0.11352657004830918 0.3466666666666667
