0 0.29911433172302737 0.7 0.13768115942028986 0.32266666666666666
0 0.8144122383252818 0.7666666666666667 0.321256038647343 0.4613333333333333
0 0.6413043478260869 0.668 0.14251207729468598 0.328
0 0.5813204508856683 0.62 0.08695652173913043 0.2
0 0.35909822866344604 0.6373333333333333 0.0853462157809984 0.192
0 0.3812399355877617 0.596 0.050724637681159424 0.14133333333333334
0 0.4029790660225443 0.592 0.04428341384863124 0.112
0 0.5595813204508857 0.5893333333333334 0.057971014492753624 0.144
0 0.5462962962962963 0.568 0.04106280193236715 0.112
0 0.6904186795491143 0.5266666666666666 0.07326892109500806 0.11466666666666667
1 0.4444444444444444 0.5346666666666666 0.011272141706924315 0.04533333333333334
