0 0.8478260869565217 0.7413333333333333 0.3027375201288245 0.512
0 0.392914653784219 0.58 0.09339774557165861 0.2853333333333333
2 0.7471819645732689 0.7453333333333333 0.09178743961352658 0.504
0 0.1292270531400966 0.78 0.2584541062801932 0.43466666666666665
0 0.6207729468599034 0.5733333333333334 0.08051529790660225 0.16533333333333333
0 0.6896135265700483 0.6386666666666667 0.13285024154589373 0.2853333333333333
0 0.46296296296296297 0.512 0.027375201288244767 0.08533333333333333
0 0.4255233494363929 0.556 0.05877616747181964 0.15733333333333333
0 0.6022544283413849 0.5533333333333333 0.05314009661835749 0.136
0 0.5809178743961353 0.5293333333333333 0.04106280193236715 0.09866666666666667
0 0.5672302737520128 0.5186666666666667 0.03462157809983897 0.088
