2 0.2894524959742351 0.48533333333333334 0.015297906602254429 0.112
0 0.27979066022544286 0.472 0.050724637681159424 0.128
0 0.31561996779388085 0.4826666666666667 0.0499194847020934 0.096
0 0.3643317230273752 0.476 0.05877616747181964 0.08266666666666667
0 0.49476650563607083 0.4613333333333333 0.05555555555555555 0.10133333333333333
0 0.5165056360708534 0.4653333333333333 0.04106280193236715 0.06666666666666667
0 0.5515297906602254 0.4613333333333333 0.043478260869565216 0.06933333333333333
0 0.5772946859903382 0.468 0.04830917874396135 0.056
0 0.6010466988727858 0.468 0.03462157809983897 0.056
0 0.6203703703703703 0.4693333333333333 0.039452495974235106 0.05333333333333334
0 0.6409017713365539 0.4653333333333333 0.04669887278582931 0.056
0 0.6759259259259259 0.44666666666666666 0.04911433172302738 0.072
0 0.6936392914653784 0.4573333333333333 0.0426731078904992 0.050666666666666665
0 0.7093397745571659 0.4573333333333333 0.037037037037037035 0.04533333333333334
