0 0.05636070853462158 0.792 0.11272141706924316 0.4106666666666667
0 0.9637681159420289 0.5573333333333333 0.07085346215780998 0.336
0 0.9098228663446055 0.5426666666666666 0.15136876006441224 0.25866666666666666
0 0.8393719806763285 0.5226666666666666 0.13768115942028986 0.21866666666666668
0 0.788647342995169 0.5266666666666666 0.1280193236714976 0.168
0 0.75 0.5053333333333333 0.09903381642512077 0.14133333333333334
0 0.7359098228663447 0.6933333333333334 0.21900161030595813 0.48
0 0.6356682769726248 0.6053333333333333 0.09581320450885668 0.21866666666666668
0 0.33816425120772947 0.62 0.13043478260869565 0.27466666666666667
0 0.39170692431562 0.552 0.09098228663446055 0.23466666666666666
0 0.6694847020933977 0.49733333333333335 0.0893719806763285 0.12533333333333332
0 0.4243156199677939 0.5573333333333333 0.05314009661835749 0.144
0 0.4388083735909823 0.5386666666666666 0.04669887278582931 0.112
0 0.5652173913043478 0.492 0.05636070853462158 0.06666666666666667
0 0.5301932367149759 0.45466666666666666 0.05394524959742351 0.18933333333333333
