0 0.07729468599033816 0.7413333333333333 0.15458937198067632 0.512
0 0.08655394524959742 0.672 0.17310789049919484 0.384
0 0.15056360708534622 0.656 0.24798711755233493 0.2986666666666667
0 0.19444444444444445 0.6 0.21980676328502416 0.24
0 0.27012882447665054 0.5813333333333334 0.14412238325281804 0.192
0 0.2946859903381642 0.5613333333333334 0.14009661835748793 0.20533333333333334
1 0.4351851851851852 0.5506666666666666 0.012077294685990338 0.09866666666666667
0 0.8530595813204509 0.7866666666666666 0.2922705314009662 0.42133333333333334
0 0.8743961352657005 0.672 0.249597423510467 0.4
0 0.8115942028985508 0.64 0.2222222222222222 0.288
0 0.7383252818035426 0.6253333333333333 0.16264090177133655 0.22133333333333333
0 0.7045088566827697 0.592 0.11916264090177134 0.18666666666666668
0 0.6727053140096618 0.5933333333333334 0.1360708534621578 0.17333333333333334
0 0.644122383252818 0.58 0.12399355877616747 0.136
0 0.6328502415458938 0.5586666666666666 0.10144927536231885 0.14666666666666667
0 0.3647342995169082 0.552 0.08695652173913043 0.096
0 0.3812399355877617 0.5533333333333333 0.0748792270531401 0.088
0 0.5261674718196457 0.544 0.03140096618357488 0.08
0 0.5120772946859904 0.5266666666666666 0.01932367149758454 0.056
0 0.4971819645732689 0.49866666666666665 0.012077294685990338 0.048
