0 0.2665056360708535 0.7546666666666667 0.20450885668276972 0.4533333333333333
0 0.10547504025764895 0.7733333333333333 0.2109500805152979 0.448
1 0.9017713365539453 0.7546666666666667 0.19484702093397746 0.48533333333333334
1 0.9633655394524959 0.764 0.071658615136876 0.4666666666666667
0 0.41586151368760066 0.58 0.05233494363929147 0.152
0 0.44484702093397743 0.5506666666666666 0.03140096618357488 0.09333333333333334
0 0.45450885668276975 0.5146666666666667 0.026570048309178744 0.10133333333333333
0 0.5764895330112721 0.5506666666666666 0.09178743961352658 0.12
0 0.5636070853462157 0.5413333333333333 0.08051529790660225 0.096
0 0.538647342995169 0.5266666666666666 0.05958132045088567 0.08266666666666667
0 0.46819645732689213 0.5106666666666667 0.018518518518518517 0.06133333333333333
0 0.37399355877616747 0.6 0.09903381642512077 0.2826666666666667
