2 0.820450885668277 0.668 0.09017713365539452 0.6586666666666666
1 0.3188405797101449 0.548 0.040257648953301126 0.22666666666666666
1 0.3361513687600644 0.5373333333333333 0.03462157809983897 0.18933333333333333
0 0.4311594202898551 0.4866666666666667 0.06682769726247988 0.168
2 0.10225442834138486 0.5893333333333334 0.04669887278582931 0.17066666666666666
2 0.13123993558776167 0.5773333333333334 0.05314009661835749 0.16266666666666665
2 0.13043478260869565 0.5653333333333334 0.020933977455716585 0.21333333333333335
2 0.8272946859903382 0.648 0.08293075684380032 0.5493333333333333
2 0.7314814814814815 0.6906666666666667 0.0426731078904992 0.2986666666666667
2 0.750805152979066 0.688 0.033011272141706925 0.2986666666666667
1 0.5052334943639292 0.5173333333333333 0.03462157809983897 0.12266666666666666
0 0.3687600644122383 0.508 0.057971014492753624 0.06666666666666667
