0 0.42351046698872785 0.49466666666666664 0.027375201288244767 0.09866666666666667
1 0.45410628019323673 0.5866666666666667 0.043478260869565216 0.26666666666666666
0 0.8019323671497585 0.744 0.394524959742351 0.5066666666666667
0 0.1034621578099839 0.76 0.2069243156199678 0.4693333333333333
0 0.20772946859903382 0.624 0.143317230273752 0.2986666666666667
0 0.5768921095008052 0.5986666666666667 0.11674718196457327 0.28
0 0.5245571658615137 0.5613333333333334 0.08132045088566828 0.184
0 0.2717391304347826 0.592 0.07648953301127215 0.17066666666666666
2 0.7081320450885669 0.548 0.03462157809983897 0.264
0 0.2999194847020934 0.56 0.05394524959742351 0.12266666666666666
0 0.4939613526570048 0.548 0.050724637681159424 0.12533333333333332
