0 0.09903381642512077 0.7226666666666667 0.19806763285024154 0.5066666666666667
0 0.10225442834138486 0.644 0.20450885668276972 0.344
0 0.17995169082125603 0.6373333333333333 0.22302737520128824 0.272
0 0.21537842190016104 0.5893333333333334 0.2037037037037037 0.224
0 0.2826086956521739 0.5613333333333334 0.13526570048309178 0.17866666666666667
0 0.30475040257648955 0.5413333333333333 0.13285024154589373 0.19733333333333333
1 0.43760064412238325 0.536 0.012077294685990338 0.096
0 0.8369565217391305 0.776 0.3244766505636071 0.44266666666666665
0 0.8631239935587761 0.652 0.2721417069243156 0.36
0 0.7866344605475041 0.6226666666666667 0.20128824476650564 0.264
0 0.7230273752012882 0.6066666666666667 0.15136876006441224 0.20533333333333334
0 0.6936392914653784 0.5746666666666667 0.11191626409017713 0.17333333333333334
0 0.6646537842190016 0.5733333333333334 0.12962962962962962 0.16
0 0.6388888888888888 0.564 0.11835748792270531 0.13066666666666665
0 0.6284219001610306 0.5426666666666666 0.09742351046698873 0.14133333333333334
0 0.3691626409017713 0.5346666666666666 0.08454106280193237 0.09333333333333334
0 0.38486312399355876 0.5333333333333333 0.07246376811594203 0.08533333333333333
0 0.5257648953301127 0.5293333333333333 0.030595813204508857 0.07733333333333334
0 0.5128824476650563 0.5133333333333333 0.01932367149758454 0.056
0 0.49798711755233493 0.484 0.012077294685990338 0.04533333333333334
