0 0.04388083735909823 0.7786666666666666 0.08776167471819646 0.43733333333333335
0 0.2809983896940419 0.6133333333333333 0.10950080515297907 0.21333333333333335
0 0.3365539452495974 0.5706666666666667 0.07085346215780998 0.144
0 0.36553945249597425 0.5533333333333333 0.0499194847020934 0.11466666666666667
0 0.3888888888888889 0.536 0.04186795491143317 0.09066666666666667
0 0.6851851851851852 0.4666666666666667 0.09339774557165861 0.11733333333333333
0 0.6497584541062802 0.4653333333333333 0.06924315619967794 0.104
0 0.9597423510466989 0.404 0.07890499194847021 0.11466666666666667
0 0.9392109500805152 0.41333333333333333 0.11513687600644122 0.112
0 0.9106280193236715 0.4186666666666667 0.1111111111111111 0.096
0 0.8832528180354268 0.4186666666666667 0.10144927536231885 0.09066666666666667
0 0.41304347826086957 0.52 0.033816425120772944 0.07466666666666667
0 0.5527375201288245 0.5 0.03462157809983897 0.088
