0 0.12439613526570048 0.7693333333333333 0.24879227053140096 0.456
2 0.7049114331723028 0.536 0.02818035426731079 0.25066666666666665
0 0.7266505636070854 0.6613333333333333 0.16666666666666666 0.3466666666666667
0 0.6513687600644122 0.5933333333333334 0.09822866344605476 0.21066666666666667
0 0.3695652173913043 0.5893333333333334 0.09339774557165861 0.208
0 0.4078099838969404 0.56 0.05877616747181964 0.144
0 0.605475040257649 0.5506666666666666 0.06280193236714976 0.14666666666666667
0 0.4331723027375201 0.5346666666666666 0.04508856682769726 0.12533333333333332
0 0.47383252818035426 0.52 0.04106280193236715 0.09066666666666667
0 0.5881642512077294 0.5306666666666666 0.036231884057971016 0.112
0 0.5475040257648953 0.504 0.04186795491143317 0.06933333333333333
