0 0.48188405797101447 0.5453333333333333 0.04589371980676329 0.12533333333333332
0 0.11714975845410629 0.696 0.23429951690821257 0.464
0 0.31561996779388085 0.564 0.11594202898550725 0.15733333333333333
0 0.3474235104669887 0.5586666666666666 0.09420289855072464 0.12533333333333332
0 0.43397745571658614 0.5373333333333333 0.043478260869565216 0.09333333333333334
0 0.6014492753623188 0.52 0.11594202898550725 0.3466666666666667
0 0.5140901771336553 0.504 0.020128824476650563 0.05333333333333334
0 0.20088566827697263 0.572 0.09581320450885668 0.152
0 0.2580515297906602 0.5173333333333333 0.09259259259259259 0.18666666666666668
0 0.48711755233494364 0.516 0.0322061191626409 0.09333333333333334
0 0.1537842190016103 0.5386666666666666 0.07246376811594203 0.10666666666666667
1 0.09782608695652174 0.544 0.036231884057971016 0.112
