0 0.9955716586151369 0.6653333333333333 0.007246376811594203 0.408
0 0.2785829307568438 0.672 0.16908212560386474 0.3466666666666667
0 0.6855877616747182 0.6546666666666666 0.15539452495974235 0.344
0 0.3462157809983897 0.5453333333333333 0.10628019323671498 0.296
0 0.6183574879227053 0.588 0.10628019323671498 0.22133333333333333
0 0.5905797101449275 0.54 0.050724637681159424 0.14133333333333334
0 0.2113526570048309 0.49333333333333335 0.18760064412238325 0.224
0 0.6086956521739131 0.5013333333333333 0.06280193236714976 0.13866666666666666
0 0.5052334943639292 0.48133333333333334 0.0249597423510467 0.088
0 0.6759259259259259 0.456 0.10547504025764895 0.13333333333333333
