0 0.7322866344605475 0.6746666666666666 0.1956521739130435 0.368
0 0.45491143317230276 0.504 0.06602254428341385 0.08
2 0.37922705314009664 0.52 0.011272141706924315 0.13333333333333333
1 0.7371175523349437 0.5346666666666666 0.06682769726247988 0.168
0 0.6284219001610306 0.48133333333333334 0.061996779388083734 0.07733333333333334
0 0.7818035426731079 0.47333333333333333 0.07729468599033816 0.072
0 0.966183574879227 0.46 0.06602254428341385 0.09333333333333334
0 0.3643317230273752 0.5093333333333333 0.05233494363929147 0.07466666666666667
0 0.21215780998389694 0.5213333333333333 0.05233494363929147 0.072
0 0.4778582930756844 0.4826666666666667 0.018518518518518517 0.042666666666666665
0 0.44806763285024154 0.488 0.021739130434782608 0.042666666666666665
