0 0.10628019323671498 0.7626666666666667 0.21256038647342995 0.4693333333333333
0 0.24677938808373592 0.6893333333333334 0.20853462157809985 0.38133333333333336
0 0.9464573268921095 0.5213333333333333 0.10547504025764895 0.2693333333333333
0 0.8321256038647343 0.536 0.11674718196457327 0.21333333333333335
0 0.7677133655394525 0.5253333333333333 0.09742351046698873 0.18133333333333335
0 0.7387278582930756 0.5146666666666667 0.09581320450885668 0.14933333333333335
0 0.710950080515298 0.508 0.09178743961352658 0.14133333333333334
0 0.6892109500805152 0.5106666666666667 0.09017713365539452 0.11466666666666667
0 0.5978260869565217 0.5693333333333334 0.08293075684380032 0.21066666666666667
0 0.571658615136876 0.548 0.05314009661835749 0.13066666666666665
0 0.3892914653784219 0.552 0.07004830917874397 0.16
0 0.4146537842190016 0.516 0.05636070853462158 0.15733333333333333
0 0.6223832528180354 0.488 0.06602254428341385 0.096
0 0.5148953301127214 0.45466666666666666 0.04589371980676329 0.15733333333333333
