0 0.058823529411764705 0.7027027027027027 0.11764705882352941 0.3783783783783784
1 0.9787581699346405 0.5905405405405405 0.04084967320261438 0.5378378378378378
1 0.3999183006535948 0.49324324324324326 0.013888888888888888 0.11081081081081082
2 0.6184640522875817 0.5648648648648649 0.03594771241830065 0.31891891891891894
2 0.579248366013072 0.5540540540540541 0.042483660130718956 0.35135135135135137
2 0.6233660130718954 0.5364864864864864 0.029411764705882353 0.27837837837837837
1 0.2741013071895425 0.5351351351351351 0.03349673202614379 0.20540540540540542
2 0.9370915032679739 0.42702702702702705 0.014705882352941176 0.12432432432432433
2 0.9546568627450981 0.4297297297297297 0.015522875816993464 0.10810810810810811
2 0.9338235294117647 0.43648648648648647 0.014705882352941176 0.12162162162162163
1 0.9910130718954249 0.43513513513513513 0.016339869281045753 0.12972972972972974
