0 0.11231884057971014 0.7746666666666666 0.2246376811594203 0.44533333333333336
0 0.9174718196457327 0.7466666666666667 0.16344605475040258 0.5013333333333333
0 0.7616747181964574 0.7333333333333333 0.25442834138486314 0.5173333333333333
0 0.24879227053140096 0.6346666666666667 0.12399355877616747 0.24533333333333332
0 0.607487922705314 0.572 0.08293075684380032 0.17866666666666667
0 0.3502415458937198 0.5626666666666666 0.07246376811594203 0.13866666666666666
0 0.5756843800322061 0.5493333333333333 0.061191626409017714 0.13333333333333333
0 0.40418679549114334 0.5186666666666667 0.0322061191626409 0.08266666666666667
0 0.5495169082125604 0.524 0.039452495974235106 0.09866666666666667
0 0.4392109500805153 0.49066666666666664 0.0426731078904992 0.048
