0 0.4939613526570048 0.548 0.04428341384863124 0.12
0 0.1320450885668277 0.7306666666666667 0.21256038647342995 0.48
0 0.24436392914653784 0.636 0.1747181964573269 0.312
0 0.3425925925925926 0.5613333333333334 0.11674718196457327 0.16266666666666665
0 0.36553945249597425 0.5466666666666666 0.09178743961352658 0.144
0 0.39049919484702095 0.528 0.07246376811594203 0.10133333333333333
0 0.40982286634460546 0.48933333333333334 0.0821256038647343 0.14666666666666667
0 0.8603059581320451 0.712 0.2777777777777778 0.5706666666666667
2 0.5998389694041868 0.56 0.020933977455716585 0.16533333333333333
0 0.7930756843800322 0.5666666666666667 0.15780998389694043 0.2
0 0.48993558776167473 0.5186666666666667 0.02818035426731079 0.08266666666666667
0 0.07971014492753623 0.628 0.15942028985507245 0.28
0 0.9263285024154589 0.5333333333333333 0.1457326892109501 0.288
0 0.19404186795491143 0.5173333333333333 0.07890499194847021 0.11733333333333333
0 0.3397745571658615 0.476 0.04508856682769726 0.10933333333333334
