2 0.28022875816993464 0.4810810810810811 0.014705882352941176 0.10270270270270271
2 0.3627450980392157 0.48243243243243245 0.013071895424836602 0.07837837837837838
2 0.27369281045751637 0.46216216216216216 0.006535947712418301 0.08648648648648649
0 0.8288398692810458 0.5527027027027027 0.08905228758169935 0.13243243243243244
0 0.8941993464052288 0.5567567567567567 0.0988562091503268 0.12432432432432433
0 0.9477124183006536 0.5581081081081081 0.10294117647058823 0.12702702702702703
2 0.29411764705882354 0.46216216216216216 0.008169934640522876 0.0918918918918919
2 0.2647058823529412 0.5432432432432432 0.021241830065359478 0.2
2 0.32802287581699346 0.5432432432432432 0.03022875816993464 0.22702702702702704
1 0.4624183006535948 0.5148648648648648 0.021241830065359478 0.15945945945945947
0 0.505718954248366 0.5 0.029411764705882353 0.07567567567567568
2 0.24223856209150327 0.4783783783783784 0.013888888888888888 0.11891891891891893
2 0.18382352941176472 0.47297297297297297 0.008169934640522876 0.11891891891891893
2 0.7671568627450981 0.5121621621621621 0.008169934640522876 0.1
