0 0.8264895330112721 0.7333333333333333 0.34541062801932365 0.528
0 0.11996779388083736 0.7666666666666667 0.23993558776167473 0.4613333333333333
0 0.2636876006441224 0.624 0.15056360708534622 0.336
0 0.6183574879227053 0.5786666666666667 0.10144927536231885 0.24
0 0.34581320450885666 0.572 0.0861513687600644 0.21066666666666667
0 0.5817230273752013 0.536 0.071658615136876 0.15466666666666667
0 0.5555555555555556 0.4693333333333333 0.0644122383252818 0.21866666666666668
0 0.5140901771336553 0.488 0.021739130434782608 0.058666666666666666
0 0.4247181964573269 0.496 0.023349436392914653 0.05333333333333334
0 0.500402576489533 0.4826666666666667 0.026570048309178744 0.058666666666666666
0 0.4782608695652174 0.48533333333333334 0.020933977455716585 0.042666666666666665
