0 0.49114331723027377 0.5053333333333333 0.01932367149758454 0.06133333333333333
0 0.8623188405797102 0.748 0.27375201288244766 0.49866666666666665
0 0.4416264090177134 0.528 0.03140096618357488 0.08533333333333333
0 0.6316425120772947 0.612 0.10547504025764895 0.25333333333333335
0 0.5873590982286635 0.568 0.07809983896940419 0.19733333333333333
0 0.5672302737520128 0.5426666666666666 0.05233494363929147 0.16266666666666665
0 0.5434782608695652 0.524 0.03864734299516908 0.09866666666666667
0 0.5245571658615137 0.5026666666666667 0.021739130434782608 0.06666666666666667
0 0.3526570048309179 0.516 0.04830917874396135 0.06133333333333333
0 0.2894524959742351 0.5186666666666667 0.05394524959742351 0.06133333333333333
2 0.6155394524959742 0.5106666666666667 0.015297906602254429 0.16266666666666665
