0 0.5044283413848631 0.5666666666666667 0.06360708534621579 0.2
0 0.7351046698872786 0.5813333333333334 0.20128824476650564 0.44266666666666665
0 0.6324476650563607 0.544 0.11996779388083736 0.18133333333333335
0 0.571256038647343 0.5 0.06360708534621579 0.088
0 0.5495169082125604 0.49733333333333335 0.0426731078904992 0.06666666666666667
0 0.09903381642512077 0.584 0.16747181964573268 0.22933333333333333
0 0.12600644122383253 0.552 0.25201288244766507 0.704
0 0.21457326892109502 0.5573333333333333 0.09259259259259259 0.15466666666666667
0 0.2834138486312399 0.5466666666666666 0.05958132045088567 0.096
0 0.36312399355877617 0.512 0.037037037037037035 0.064
0 0.3788244766505636 0.5 0.026570048309178744 0.072
0 0.40458937198067635 0.48933333333333334 0.026570048309178744 0.050666666666666665
0 0.4363929146537842 0.49066666666666664 0.02576489533011272 0.037333333333333336
0 0.9440418679549114 0.536 0.11030595813204509 0.10666666666666667
0 0.143317230273752 0.5413333333333333 0.07246376811594203 0.12266666666666666
