0 0.893317230273752 0.6586666666666666 0.21175523349436393 0.6773333333333333
0 0.42995169082125606 0.5213333333333333 0.04830917874396135 0.17866666666666667
0 0.782608695652174 0.464 0.22061191626409019 0.2773333333333333
0 0.25442834138486314 0.5626666666666666 0.07729468599033816 0.13866666666666666
0 0.17149758454106281 0.54 0.0966183574879227 0.18933333333333333
0 0.3615136876006441 0.5053333333333333 0.03864734299516908 0.09866666666666667
0 0.5813204508856683 0.5173333333333333 0.06763285024154589 0.12266666666666666
0 0.4605475040257649 0.4786666666666667 0.028985507246376812 0.08266666666666667
0 0.4915458937198068 0.45066666666666666 0.029790660225442835 0.10666666666666667
0 0.6276167471819646 0.5053333333333333 0.071658615136876 0.13066666666666665
0 0.9524959742351047 0.43733333333333335 0.09339774557165861 0.19733333333333333
0 0.45450885668276975 0.43733333333333335 0.029790660225442835 0.14933333333333335
0 0.0430756843800322 0.5786666666666667 0.0861513687600644 0.14933333333333335
