0 0.5052334943639292 0.5546666666666666 0.050724637681159424 0.13866666666666666
0 0.06481481481481481 0.736 0.12962962962962962 0.5226666666666666
0 0.16586151368760063 0.7146666666666667 0.27375201288244766 0.45866666666666667
0 0.3389694041867955 0.584 0.12399355877616747 0.21866666666666668
0 0.3522544283413849 0.5493333333333333 0.09903381642512077 0.16533333333333333
0 0.41264090177133655 0.5186666666666667 0.07648953301127215 0.09866666666666667
0 0.4613526570048309 0.464 0.04508856682769726 0.07466666666666667
0 0.7419484702093397 0.6826666666666666 0.19404186795491143 0.3413333333333333
0 0.6376811594202898 0.5626666666666666 0.09500805152979067 0.21333333333333335
2 0.5837359098228664 0.5586666666666666 0.024154589371980676 0.168
0 0.5780998389694042 0.5253333333333333 0.04186795491143317 0.096
0 0.5692431561996779 0.5066666666666667 0.03864734299516908 0.10133333333333333
0 0.5024154589371981 0.5093333333333333 0.030595813204508857 0.09066666666666667
0 0.07769726247987117 0.516 0.13768115942028986 0.15733333333333333
0 0.6928341384863124 0.48133333333333334 0.08454106280193237 0.10933333333333334
