0 0.499194847020934 0.548 0.05475040257648953 0.14666666666666667
0 0.7318840579710145 0.616 0.21739130434782608 0.5706666666666667
0 0.10668276972624799 0.5213333333333333 0.14412238325281804 0.22133333333333333
0 0.25925925925925924 0.5946666666666667 0.1642512077294686 0.30933333333333335
0 0.3055555555555556 0.58 0.14090177133655393 0.20533333333333334
0 0.34339774557165864 0.5546666666666666 0.12640901771336555 0.16533333333333333
0 0.394524959742351 0.5253333333333333 0.07729468599033816 0.12266666666666666
0 0.42914653784219003 0.488 0.05475040257648953 0.07466666666666667
0 0.6038647342995169 0.5466666666666666 0.06924315619967794 0.144
0 0.5768921095008052 0.5213333333333333 0.050724637681159424 0.12533333333333332
2 0.5483091787439613 0.5066666666666667 0.017713365539452495 0.10666666666666667
0 0.49315619967793883 0.5093333333333333 0.03140096618357488 0.096
0 0.21175523349436393 0.49066666666666664 0.07568438003220612 0.10133333333333333
