0 0.6223832528180354 0.6066666666666667 0.11594202898550725 0.2693333333333333
0 0.1356682769726248 0.5986666666666667 0.1747181964573269 0.20533333333333334
0 0.8397745571658615 0.748 0.3188405797101449 0.49866666666666665
0 0.5813204508856683 0.5493333333333333 0.06602254428341385 0.176
0 0.35628019323671495 0.5733333333333334 0.07326892109500806 0.16533333333333333
0 0.3864734299516908 0.5386666666666666 0.05314009661835749 0.144
0 0.5499194847020934 0.524 0.043478260869565216 0.11466666666666667
0 0.966988727858293 0.7826666666666666 0.0644122383252818 0.42933333333333334
0 0.41223832528180354 0.528 0.040257648953301126 0.112
0 0.534219001610306 0.4653333333333333 0.04106280193236715 0.14133333333333334
0 0.44041867954911434 0.49466666666666664 0.01932367149758454 0.04
