0 0.9698067632850241 0.5546666666666666 0.05877616747181964 0.33066666666666666
0 0.9198872785829307 0.548 0.15861513687600645 0.28
0 0.8458132045088567 0.5373333333333333 0.15056360708534622 0.20533333333333334
0 0.785426731078905 0.5293333333333333 0.11513687600644122 0.168
0 0.8401771336553945 0.7373333333333333 0.31803542673107893 0.52
0 0.67914653784219 0.6426666666666667 0.1392914653784219 0.29333333333333333
0 0.2882447665056361 0.6813333333333333 0.19001610305958133 0.38666666666666666
0 0.36835748792270534 0.5653333333333334 0.11674718196457327 0.288
0 0.7467793880837359 0.516 0.09742351046698873 0.14133333333333334
0 0.6892109500805152 0.49466666666666664 0.10144927536231885 0.14133333333333334
0 0.6888083735909822 0.48533333333333334 0.1247987117552335 0.13866666666666666
0 0.4110305958132045 0.5573333333333333 0.06360708534621579 0.17066666666666666
0 0.43156199677938806 0.5373333333333333 0.05475040257648953 0.12533333333333332
0 0.533011272141707 0.45466666666666666 0.057971014492753624 0.20533333333333334
