0 0.0430756843800322 0.6986666666666667 0.0861513687600644 0.24
0 0.392109500805153 0.548 0.033816425120772944 0.09866666666666667
0 0.3417874396135266 0.5333333333333333 0.0426731078904992 0.10666666666666667
0 0.2648953301127214 0.6213333333333333 0.07407407407407407 0.15466666666666667
0 0.1972624798711755 0.6293333333333333 0.0821256038647343 0.144
1 0.07085346215780998 0.6906666666666667 0.08373590982286634 0.30933333333333335
2 0.3643317230273752 0.552 0.007246376811594203 0.064
0 0.9782608695652174 0.5586666666666666 0.04186795491143317 0.344
0 0.21698872785829307 0.5733333333333334 0.0571658615136876 0.058666666666666666
0 0.7600644122383253 0.484 0.0322061191626409 0.056
