0 0.6988727858293076 0.5293333333333333 0.19484702093397746 0.22666666666666666
0 0.9174718196457327 0.44266666666666665 0.10225442834138486 0.10133333333333333
0 0.8888888888888888 0.448 0.09822866344605476 0.096
0 0.8623188405797102 0.44666666666666666 0.0966183574879227 0.09333333333333334
0 0.3695652173913043 0.5493333333333333 0.05152979066022544 0.13333333333333333
0 0.43719806763285024 0.524 0.040257648953301126 0.104
0 0.6610305958132046 0.4693333333333333 0.08856682769726248 0.112
0 0.7459742351046699 0.44666666666666666 0.04428341384863124 0.08266666666666667
0 0.8297101449275363 0.432 0.050724637681159424 0.096
0 0.7757648953301127 0.448 0.04911433172302738 0.07466666666666667
0 0.39009661835748793 0.5373333333333333 0.04428341384863124 0.104
0 0.532608695652174 0.496 0.03140096618357488 0.06933333333333333
0 0.4915458937198068 0.5026666666666667 0.021739130434782608 0.056
