0 0.5132850241545893 0.58 0.06038647342995169 0.18933333333333333
0 0.6646537842190016 0.5693333333333334 0.12640901771336555 0.21066666666666667
0 0.5970209339774557 0.5386666666666666 0.07004830917874397 0.11733333333333333
0 0.570450885668277 0.528 0.061996779388083734 0.08533333333333333
0 0.02576489533011272 0.672 0.05152979066022544 0.23466666666666666
0 0.3276972624798712 0.5706666666666667 0.07085346215780998 0.13866666666666666
0 0.42069243156199676 0.528 0.033011272141706925 0.08
0 0.45933977455716585 0.5106666666666667 0.023349436392914653 0.056
0 0.2713365539452496 0.5693333333333334 0.07568438003220612 0.12
0 0.3111916264090177 0.5413333333333333 0.050724637681159424 0.112
0 0.3647342995169082 0.528 0.03864734299516908 0.07466666666666667
0 0.41827697262479874 0.52 0.03462157809983897 0.05333333333333334
0 0.1570048309178744 0.5613333333333334 0.0821256038647343 0.12
0 0.15539452495974235 0.5386666666666666 0.0821256038647343 0.08533333333333333
