0 0.05958132045088567 0.7386666666666667 0.11916264090177134 0.432
0 0.13969404186795492 0.6613333333333333 0.26006441223832527 0.30933333333333335
0 0.22020933977455717 0.6226666666666667 0.20853462157809985 0.264
0 0.25483091787439616 0.592 0.14895330112721417 0.23466666666666666
0 0.2805958132045089 0.576 0.16988727858293076 0.20266666666666666
0 0.2882447665056361 0.5573333333333333 0.1143317230273752 0.16533333333333333
0 0.3248792270531401 0.552 0.11030595813204509 0.144
0 0.3309178743961353 0.5453333333333333 0.1143317230273752 0.13066666666666665
0 0.3603059581320451 0.5266666666666666 0.08454106280193237 0.11466666666666667
0 0.36835748792270534 0.5106666666666667 0.08776167471819646 0.136
1 0.45893719806763283 0.504 0.008051529790660225 0.064
0 0.6107085346215781 0.604 0.08776167471819646 0.216
0 0.6843800322061192 0.5533333333333333 0.1320450885668277 0.17333333333333334
0 0.5950080515297906 0.516 0.06924315619967794 0.104
0 0.5241545893719807 0.512 0.024154589371980676 0.058666666666666666
