0 0.9396135265700483 0.5493333333333333 0.11916264090177134 0.2986666666666667
0 0.8808373590982287 0.5373333333333333 0.15136876006441224 0.248
0 0.8164251207729468 0.5386666666666666 0.13848631239935588 0.18666666666666668
0 0.7693236714975845 0.5306666666666666 0.107085346215781 0.15466666666666667
0 0.8051529790660226 0.7293333333333333 0.31239935587761675 0.536
0 0.6561996779388084 0.6266666666666667 0.1143317230273752 0.25066666666666665
0 0.3188405797101449 0.6533333333333333 0.1529790660225443 0.3253333333333333
0 0.3824476650563607 0.5613333333333334 0.10305958132045089 0.25866666666666666
0 0.7334943639291466 0.5213333333333333 0.09178743961352658 0.13066666666666665
0 0.679549114331723 0.5013333333333333 0.09500805152979067 0.13333333333333333
0 0.6815619967793881 0.49066666666666664 0.11835748792270531 0.13333333333333333
0 0.41867954911433175 0.5613333333333334 0.057971014492753624 0.15733333333333333
0 0.4355877616747182 0.5426666666666666 0.0499194847020934 0.12
0 0.6115136876006442 0.488 0.06038647342995169 0.06933333333333333
0 0.5318035426731079 0.4573333333333333 0.05555555555555555 0.19466666666666665
