0 0.8913043478260869 0.76 0.21578099838969403 0.4746666666666667
0 0.18518518518518517 0.7786666666666666 0.23832528180354268 0.43733333333333335
0 0.6239935587761675 0.6226666666666667 0.11272141706924316 0.2693333333333333
0 0.3389694041867955 0.604 0.09500805152979067 0.216
0 0.40096618357487923 0.548 0.040257648953301126 0.10933333333333334
1 0.45974235104669886 0.508 0.008051529790660225 0.06666666666666667
1 0.4690016103059581 0.508 0.007246376811594203 0.06133333333333333
0 0.42592592592592593 0.528 0.027375201288244767 0.064
0 0.5193236714975845 0.5026666666666667 0.01610305958132045 0.04533333333333334
0 0.5491143317230274 0.532 0.043478260869565216 0.12
