0 0.1215780998389694 0.7626666666666667 0.2431561996779388 0.4693333333333333
0 0.9629629629629629 0.7853333333333333 0.07246376811594203 0.424
0 0.2648953301127214 0.6413333333333333 0.14653784219001612 0.2693333333333333
0 0.8091787439613527 0.7493333333333333 0.2689210950080515 0.496
0 0.33413848631239934 0.5866666666666667 0.0966183574879227 0.176
0 0.6646537842190016 0.6133333333333333 0.13285024154589373 0.272
0 0.4174718196457327 0.5213333333333333 0.03784219001610306 0.088
0 0.6151368760064412 0.5666666666666667 0.07729468599033816 0.184
0 0.5925925925925926 0.54 0.05314009661835749 0.136
0 0.5760869565217391 0.5253333333333333 0.04589371980676329 0.10666666666666667
