0 0.13365539452495975 0.78 0.2673107890499195 0.43466666666666665
0 0.8482286634460547 0.76 0.30193236714975846 0.4746666666666667
0 0.6815619967793881 0.7213333333333334 0.1972624798711755 0.3973333333333333
0 0.27979066022544286 0.7213333333333334 0.18115942028985507 0.3546666666666667
0 0.3506441223832528 0.636 0.08132045088566828 0.21066666666666667
0 0.38687600644122383 0.604 0.06360708534621579 0.152
0 0.6099033816425121 0.6146666666666667 0.09581320450885668 0.216
0 0.5797101449275363 0.5773333333333334 0.05958132045088567 0.152
0 0.7580515297906603 0.516 0.09742351046698873 0.14666666666666667
0 0.5309983896940419 0.54 0.03140096618357488 0.072
0 0.49355877616747185 0.5346666666666666 0.02576489533011272 0.050666666666666665
0 0.46859903381642515 0.5266666666666666 0.030595813204508857 0.04533333333333334
1 0.42914653784219003 0.5266666666666666 0.011272141706924315 0.050666666666666665
