0 0.49476650563607083 0.524 0.03784219001610306 0.12
0 0.9601449275362319 0.7333333333333333 0.07809983896940419 0.528
0 0.823268921095008 0.704 0.24074074074074073 0.45866666666666667
0 0.3752012882447665 0.5266666666666666 0.03864734299516908 0.07733333333333334
0 0.02818035426731079 0.7666666666666667 0.05636070853462158 0.41333333333333333
0 0.6288244766505636 0.5386666666666666 0.11755233494363929 0.17066666666666666
0 0.5825281803542673 0.5213333333333333 0.0861513687600644 0.11466666666666667
0 0.5503220611916264 0.49066666666666664 0.061996779388083734 0.096
0 0.34822866344605474 0.508 0.036231884057971016 0.072
0 0.3663446054750403 0.49733333333333335 0.028985507246376812 0.06133333333333333
0 0.4078099838969404 0.492 0.020128824476650563 0.04
0 0.3248792270531401 0.5 0.023349436392914653 0.056
0 0.15217391304347827 0.5106666666666667 0.030595813204508857 0.06133333333333333
