0 0.4939613526570048 0.5386666666666666 0.04589371980676329 0.12266666666666666
0 0.052737520128824475 0.66 0.10547504025764895 0.6746666666666666
0 0.25966183574879226 0.62 0.15861513687600645 0.2693333333333333
0 0.321658615136876 0.564 0.13446054750402575 0.25333333333333335
0 0.37077294685990336 0.5493333333333333 0.10064412238325282 0.13333333333333333
0 0.37922705314009664 0.5346666666666666 0.08856682769726248 0.12
0 0.40177133655394526 0.5173333333333333 0.06280193236714976 0.08533333333333333
0 0.4178743961352657 0.504 0.05475040257648953 0.07466666666666667
0 0.6086956521739131 0.5213333333333333 0.10466988727858294 0.2906666666666667
0 0.5402576489533011 0.508 0.02576489533011272 0.06666666666666667
0 0.48792270531400966 0.5066666666666667 0.028985507246376812 0.08533333333333333
0 0.08091787439613526 0.6306666666666667 0.16183574879227053 0.2693333333333333
0 0.10748792270531402 0.5493333333333333 0.12640901771336555 0.144
0 0.2608695652173913 0.5053333333333333 0.08695652173913043 0.2
0 0.1932367149758454 0.5186666666666667 0.07246376811594203 0.12
