0 0.4927536231884058 0.536 0.043478260869565216 0.11733333333333333
0 0.16908212560386474 0.6026666666666667 0.2834138486312399 0.7893333333333333
0 0.30475040257648955 0.5906666666666667 0.15217391304347827 0.20533333333333334
0 0.38164251207729466 0.5213333333333333 0.09339774557165861 0.14133333333333334
0 0.4219001610305958 0.496 0.05636070853462158 0.09066666666666667
0 0.537842190016103 0.4786666666666667 0.037037037037037035 0.11466666666666667
0 0.4887278582930757 0.508 0.027375201288244767 0.08266666666666667
0 0.3446054750402576 0.536 0.14009661835748793 0.21866666666666668
0 0.06763285024154589 0.62 0.13526570048309178 0.31733333333333336
0 0.21980676328502416 0.44533333333333336 0.10628019323671498 0.20266666666666666
