0 0.49516908212560384 0.5266666666666666 0.033816425120772944 0.10933333333333334
0 0.04750402576489533 0.6386666666666667 0.09500805152979067 0.24266666666666667
0 0.14251207729468598 0.5866666666666667 0.14009661835748793 0.19733333333333333
0 0.6803542673107891 0.5773333333333334 0.13526570048309178 0.24266666666666667
0 0.6525764895330113 0.5573333333333333 0.12318840579710146 0.18666666666666668
0 0.607487922705314 0.548 0.10225442834138486 0.14666666666666667
0 0.5889694041867954 0.5333333333333333 0.0861513687600644 0.13866666666666666
0 0.5833333333333334 0.5213333333333333 0.07971014492753623 0.10933333333333334
0 0.570450885668277 0.5146666666666667 0.071658615136876 0.10666666666666667
0 0.4384057971014493 0.49866666666666665 0.015297906602254429 0.037333333333333336
0 0.5366344605475041 0.49466666666666664 0.04106280193236715 0.050666666666666665
0 0.5285829307568438 0.48533333333333334 0.036231884057971016 0.05333333333333334
0 0.40942028985507245 0.496 0.018518518518518517 0.042666666666666665
