0 0.508460918614021 0.5132978723404256 0.019339242546333603 0.05319148936170213
0 0.20668815471394036 0.6901595744680851 0.20225624496373892 0.39095744680851063
0 0.029814665592264304 0.6648936170212766 0.05962933118452861 0.30851063829787234
0 0.1297340854149879 0.5837765957446809 0.145044319097502 0.27393617021276595
0 0.7320709105560033 0.7220744680851063 0.23771152296535053 0.48138297872340424
0 0.35294117647058826 0.574468085106383 0.07091055600322321 0.14893617021276595
0 0.2594681708299758 0.5412234042553191 0.09508460918614021 0.17819148936170212
0 0.3896051571313457 0.5465425531914894 0.04754230459307011 0.10904255319148937
0 0.4814665592264303 0.5305851063829787 0.033037872683319904 0.10372340425531915
0 0.32755842062852536 0.535904255319149 0.04915390813859791 0.09308510638297872
0 0.4202256244963739 0.5199468085106383 0.021756647864625302 0.061170212765957445
0 0.3517324738114424 0.5093085106382979 0.0394842868654311 0.09308510638297872
0 0.43513295729250606 0.49069148936170215 0.016116035455278 0.07180851063829788
