0 0.0680354267310789 0.7626666666666667 0.1360708534621578 0.4693333333333333
0 0.12439613526570048 0.692 0.24879227053140096 0.4026666666666667
0 0.16304347826086957 0.6346666666666667 0.21658615136876005 0.3253333333333333
0 0.21256038647342995 0.6053333333333333 0.2286634460547504 0.26666666666666666
0 0.23792270531400966 0.5773333333333334 0.14895330112721417 0.21066666666666667
0 0.28703703703703703 0.5733333333333334 0.1392914653784219 0.176
0 0.29830917874396135 0.5493333333333333 0.1392914653784219 0.15466666666666667
0 0.3365539452495974 0.528 0.0998389694041868 0.13333333333333333
0 0.3502415458937198 0.5146666666666667 0.10144927536231885 0.15466666666666667
1 0.4524959742351047 0.512 0.00966183574879227 0.07466666666666667
0 0.6570048309178744 0.6613333333333333 0.13365539452495975 0.30933333333333335
0 0.7306763285024155 0.572 0.17149758454106281 0.22133333333333333
0 0.6127214170692431 0.5333333333333333 0.09339774557165861 0.10133333333333333
0 0.606682769726248 0.516 0.07809983896940419 0.11466666666666667
0 0.391304347826087 0.5146666666666667 0.07085346215780998 0.08
0 0.5249597423510467 0.508 0.02576489533011272 0.06666666666666667
