0 0.15338164251207728 0.7693333333333333 0.30676328502415456 0.456
0 0.4029790660225443 0.5853333333333334 0.06682769726247988 0.184
0 0.4363929146537842 0.5493333333333333 0.03864734299516908 0.112
0 0.45128824476650564 0.504 0.033011272141706925 0.12266666666666666
0 0.5954106280193237 0.5466666666666666 0.10869565217391304 0.13866666666666666
0 0.5789049919484702 0.536 0.09178743961352658 0.10666666666666667
0 0.5471014492753623 0.5186666666666667 0.06521739130434782 0.088
0 0.4669887278582931 0.5 0.02254428341384863 0.072
0 0.3361513687600644 0.6266666666666667 0.1473429951690821 0.4
1 0.8820450885668277 0.568 0.09098228663446055 0.29333333333333333
