0 0.8731884057971014 0.7853333333333333 0.25201288244766507 0.424
0 0.6348631239935588 0.6053333333333333 0.11996779388083736 0.31466666666666665
0 0.1388888888888889 0.6386666666666667 0.2777777777777778 0.32266666666666666
0 0.21296296296296297 0.5946666666666667 0.2037037037037037 0.2613333333333333
0 0.23148148148148148 0.5586666666666666 0.15539452495974235 0.264
0 0.2644927536231884 0.5653333333333334 0.1280193236714976 0.16533333333333333
0 0.3248792270531401 0.548 0.11191626409017713 0.14133333333333334
0 0.3474235104669887 0.5426666666666666 0.10225442834138486 0.136
0 0.34903381642512077 0.5213333333333333 0.08132045088566828 0.13066666666666665
0 0.35909822866344604 0.5186666666666667 0.0998389694041868 0.12
0 0.39492753623188404 0.4786666666666667 0.06360708534621579 0.09866666666666667
1 0.464573268921095 0.4786666666666667 0.00644122383252818 0.050666666666666665
0 0.5543478260869565 0.5386666666666666 0.0426731078904992 0.112
0 0.5148953301127214 0.49066666666666664 0.018518518518518517 0.048
