0 0.4532634971796938 0.5319148936170213 0.0427074939564867 0.1276595744680851
0 0.33843674456083805 0.5930851063829787 0.09508460918614021 0.23404255319148937
0 0.03263497179693795 0.6848404255319149 0.0652699435938759 0.3324468085106383
0 0.21394037066881547 0.5784574468085106 0.10394842868654311 0.17287234042553193
0 0.09387590652699436 0.5438829787234043 0.13940370668815472 0.22074468085106383
0 0.36180499597099114 0.5518617021276596 0.0499597099113618 0.125
0 0.28968573730862207 0.5438829787234043 0.057211925866236905 0.10904255319148937
0 0.21555197421434327 0.535904255319149 0.058823529411764705 0.09308510638297872
0 0.34286865431103947 0.4920212765957447 0.0378726833199033 0.12234042553191489
0 0.4073327961321515 0.4640957446808511 0.020145044319097503 0.10904255319148937
