0 0.8723832528180354 0.7386666666666667 0.2536231884057971 0.5173333333333333
0 0.13043478260869565 0.72 0.22544283413848631 0.384
0 0.6481481481481481 0.5973333333333334 0.11916264090177134 0.24533333333333332
0 0.3140096618357488 0.5773333333333334 0.09822866344605476 0.17333333333333334
0 0.5958132045088567 0.5573333333333333 0.07890499194847021 0.16533333333333333
0 0.392512077294686 0.52 0.03784219001610306 0.096
0 0.5579710144927537 0.524 0.04669887278582931 0.11466666666666667
0 0.5479066022544283 0.516 0.03784219001610306 0.09333333333333334
0 0.40660225442834136 0.5106666666666667 0.028985507246376812 0.07733333333333334
0 0.4146537842190016 0.4866666666666667 0.04669887278582931 0.050666666666666665
