0 0.5052334943639292 0.552 0.050724637681159424 0.13866666666666666
0 0.12399355877616747 0.7506666666666667 0.24798711755233493 0.49333333333333335
0 0.322061191626409 0.5986666666666667 0.13687600644122383 0.248
0 0.3417874396135266 0.564 0.11191626409017713 0.184
0 0.4078099838969404 0.5173333333333333 0.08132045088566828 0.10666666666666667
0 0.4605475040257649 0.4613333333333333 0.04508856682769726 0.07466666666666667
0 0.7991143317230274 0.7386666666666667 0.2584541062801932 0.43733333333333335
0 0.6533816425120773 0.5706666666666667 0.10869565217391304 0.23466666666666666
2 0.5909822866344605 0.5573333333333333 0.02576489533011272 0.18133333333333335
0 0.605072463768116 0.544 0.06038647342995169 0.13333333333333333
0 0.5829307568438004 0.528 0.04508856682769726 0.10133333333333333
0 0.572866344605475 0.512 0.04106280193236715 0.10666666666666667
0 0.17673107890499196 0.5733333333333334 0.14895330112721417 0.18666666666666668
0 0.5028180354267311 0.504 0.029790660225442835 0.09066666666666667
0 0.05998389694041868 0.5333333333333333 0.11996779388083736 0.17066666666666666
0 0.25885668276972623 0.5386666666666666 0.09098228663446055 0.144
0 0.6996779388083736 0.48 0.08856682769726248 0.112
