0 0.49476650563607083 0.524 0.03784219001610306 0.12
0 0.8675523349436393 0.7386666666666667 0.2632850241545894 0.5173333333333333
0 0.3679549114331723 0.532 0.04186795491143317 0.08266666666666667
0 0.6364734299516909 0.544 0.12318840579710146 0.18133333333333335
0 0.5865539452495975 0.524 0.0893719806763285 0.12
0 0.5527375201288245 0.492 0.06360708534621579 0.09866666666666667
0 0.34541062801932365 0.512 0.037037037037037035 0.07466666666666667
0 0.3647342995169082 0.49866666666666665 0.028985507246376812 0.064
0 0.40700483091787437 0.49466666666666664 0.020128824476650563 0.04
0 0.321658615136876 0.5 0.023349436392914653 0.056
0 0.1457326892109501 0.5093333333333333 0.030595813204508857 0.064
