0 0.49476650563607083 0.5253333333333333 0.036231884057971016 0.112
0 0.8611111111111112 0.7373333333333333 0.27616747181964574 0.52
0 0.7443639291465378 0.632 0.20531400966183574 0.39466666666666667
0 0.6880032206119162 0.592 0.14090177133655393 0.24533333333333332
0 0.6461352657004831 0.5586666666666666 0.1280193236714976 0.17866666666666667
0 0.4174718196457327 0.5 0.021739130434782608 0.04533333333333334
0 0.34057971014492755 0.5506666666666666 0.05636070853462158 0.11466666666666667
0 0.5845410628019324 0.5173333333333333 0.0821256038647343 0.112
0 0.5595813204508857 0.5053333333333333 0.0644122383252818 0.08266666666666667
0 0.5402576489533011 0.484 0.0499194847020934 0.07733333333333334
0 0.3723832528180354 0.5 0.02818035426731079 0.06133333333333333
0 0.3860708534621578 0.49333333333333335 0.023349436392914653 0.05333333333333334
0 0.3502415458937198 0.49733333333333335 0.017713365539452495 0.04533333333333334
