0 0.7069243156199678 0.6493333333333333 0.16586151368760063 0.32266666666666666
0 0.4758454106280193 0.5013333333333333 0.06280193236714976 0.07466666666666667
2 0.3864734299516908 0.5173333333333333 0.011272141706924315 0.128
1 0.7266505636070854 0.532 0.061996779388083734 0.15733333333333333
0 0.642512077294686 0.48 0.05958132045088567 0.07466666666666667
0 0.7926731078904992 0.4706666666666667 0.07648953301127215 0.072
0 0.9681964573268921 0.46 0.061996779388083734 0.09333333333333334
0 0.35104669887278583 0.5106666666666667 0.05152979066022544 0.072
0 0.21497584541062803 0.5186666666666667 0.0499194847020934 0.072
0 0.47946859903381644 0.48533333333333334 0.018518518518518517 0.042666666666666665
0 0.4504830917874396 0.488 0.021739130434782608 0.042666666666666665
