0 0.4774375503626108 0.5106382978723404 0.033037872683319904 0.10106382978723404
0 0.18654311039484286 0.714095744680851 0.22804190169218372 0.38563829787234044
0 0.18130539887187752 0.5837765957446809 0.12087026591458501 0.18882978723404256
0 0.30701047542304594 0.5771276595744681 0.09830781627719581 0.19148936170212766
0 0.3045930701047542 0.523936170212766 0.06285253827558421 0.13829787234042554
0 0.3980660757453666 0.4946808510638298 0.0531829170024174 0.1702127659574468
0 0.33440773569701854 0.5279255319148937 0.040290088638195005 0.08244680851063829
0 0.42062852538275586 0.5 0.029008863819500404 0.0797872340425532
0 0.4403706688154714 0.47606382978723405 0.020145044319097503 0.07446808510638298
0 0.22723609991941982 0.538563829787234 0.07413376309427881 0.11436170212765957
