0 0.500805152979066 0.532 0.04830917874396135 0.152
0 0.856682769726248 0.728 0.2640901771336554 0.5386666666666666
0 0.7383252818035426 0.62 0.178743961352657 0.3333333333333333
0 0.6888083735909822 0.552 0.1360708534621578 0.25066666666666665
0 0.6123188405797102 0.504 0.11191626409017713 0.192
0 0.5805152979066023 0.5053333333333333 0.07890499194847021 0.10933333333333334
0 0.5503220611916264 0.484 0.04911433172302738 0.06666666666666667
0 0.2560386473429952 0.5266666666666666 0.07568438003220612 0.13066666666666665
0 0.39814814814814814 0.4706666666666667 0.04589371980676329 0.136
0 0.3023349436392915 0.52 0.05233494363929147 0.10133333333333333
0 0.3385668276972625 0.512 0.039452495974235106 0.06933333333333333
0 0.38727858293075684 0.49066666666666664 0.028985507246376812 0.05333333333333334
0 0.24396135265700483 0.5146666666666667 0.043478260869565216 0.08533333333333333
