0 0.17753623188405798 0.5186666666666667 0.35507246376811596 0.9573333333333334
2 0.6719001610305958 0.5333333333333333 0.026570048309178744 0.21866666666666668
1 0.37037037037037035 0.5773333333333334 0.033816425120772944 0.22666666666666666
1 0.39814814814814814 0.5333333333333333 0.020128824476650563 0.16
0 0.5925925925925926 0.572 0.07890499194847021 0.20533333333333334
0 0.5607890499194848 0.536 0.05877616747181964 0.17066666666666666
0 0.5454911433172303 0.5186666666666667 0.04589371980676329 0.14133333333333334
2 0.5 0.48133333333333334 0.00966183574879227 0.07733333333333334
2 0.501610305958132 0.48533333333333334 0.00966183574879227 0.07466666666666667
0 0.44001610305958133 0.4826666666666667 0.018518518518518517 0.064
0 0.40217391304347827 0.5146666666666667 0.033011272141706925 0.08533333333333333
0 0.32045088566827695 0.5813333333333334 0.0853462157809984 0.18666666666666668
