0 0.4975845410628019 0.5226666666666666 0.04186795491143317 0.112
0 0.10225442834138486 0.708 0.19001610305958133 0.408
0 0.2037037037037037 0.632 0.1723027375201288 0.30933333333333335
0 0.3055555555555556 0.5573333333333333 0.107085346215781 0.15466666666666667
0 0.4214975845410628 0.5693333333333334 0.06360708534621579 0.152
0 0.44001610305958133 0.5373333333333333 0.050724637681159424 0.12533333333333332
0 0.3743961352657005 0.516 0.08051529790660225 0.10933333333333334
0 0.6727053140096618 0.6666666666666666 0.15539452495974235 0.336
0 0.605072463768116 0.436 0.11674718196457327 0.4026666666666667
2 0.6888083735909822 0.552 0.021739130434782608 0.24533333333333332
0 0.5422705314009661 0.5106666666666667 0.033011272141706925 0.088
0 0.5209339774557166 0.452 0.0322061191626409 0.136
0 0.48792270531400966 0.5053333333333333 0.027375201288244767 0.08266666666666667
0 0.1570048309178744 0.54 0.0821256038647343 0.11466666666666667
