2 0.6421647819063004 0.6711229946524064 0.050080775444264945 0.42780748663101603
2 0.2948303715670436 0.6577540106951871 0.045234248788368334 0.37967914438502676
2 0.2197092084006462 0.6564171122994652 0.035541195476575124 0.3609625668449198
2 0.8210823909531503 0.6350267379679144 0.05250403877221325 0.4090909090909091
2 0.7693861066235864 0.6283422459893048 0.05088852988691438 0.40106951871657753
2 0.5347334410339257 0.5628342245989305 0.027463651050080775 0.20588235294117646
2 0.6397415185783522 0.6550802139037433 0.050080775444264945 0.36363636363636365
2 0.595718901453958 0.6350267379679144 0.033117932148626815 0.31283422459893045
2 0.5779483037156704 0.6243315508021391 0.023424878836833602 0.27540106951871657
2 0.6437802907915994 0.589572192513369 0.046849757673667204 0.2700534759358289
2 0.6526655896607432 0.553475935828877 0.03715670436187399 0.2192513368983957
0 0.46082390953150243 0.5401069518716578 0.04119547657512116 0.10695187165775401
