0 0.07326892109500806 0.7053333333333334 0.14653784219001612 0.4666666666666667
0 0.11473429951690821 0.6066666666666667 0.22946859903381642 0.44
1 0.3788244766505636 0.5706666666666667 0.02818035426731079 0.18666666666666668
0 0.9307568438003221 0.7493333333333333 0.13687600644122383 0.496
0 0.8603059581320451 0.688 0.2777777777777778 0.4
0 0.7737520128824477 0.632 0.25120772946859904 0.272
0 0.7306763285024155 0.58 0.18760064412238325 0.264
0 0.29025764895330114 0.5586666666666666 0.1360708534621578 0.14666666666666667
0 0.3192431561996779 0.5466666666666666 0.11191626409017713 0.128
0 0.5305958132045089 0.536 0.04508856682769726 0.112
0 0.5088566827697263 0.5066666666666667 0.024154589371980676 0.06933333333333333
0 0.49074074074074076 0.472 0.013687600644122383 0.05333333333333334
