0 0.9380032206119162 0.7413333333333333 0.12238325281803543 0.512
0 0.7612721417069244 0.5733333333333334 0.21336553945249598 0.2613333333333333
0 0.1252012882447665 0.572 0.250402576489533 0.45066666666666666
0 0.17954911433172302 0.6013333333333334 0.18035426731078905 0.22666666666666666
0 0.5623993558776168 0.48933333333333334 0.06682769726247988 0.216
0 0.29830917874396135 0.5613333333333334 0.14090177133655393 0.152
0 0.3462157809983897 0.5266666666666666 0.10950080515297907 0.14666666666666667
0 0.5277777777777778 0.4786666666666667 0.036231884057971016 0.13066666666666665
0 0.3860708534621578 0.5106666666666667 0.05233494363929147 0.07733333333333334
0 0.42592592592592593 0.4746666666666667 0.05636070853462158 0.09066666666666667
