0 0.5096618357487923 0.5786666666666667 0.07246376811594203 0.22933333333333333
0 0.855475040257649 0.6466666666666666 0.2713365539452496 0.7013333333333334
0 0.6674718196457327 0.568 0.14009661835748793 0.23466666666666666
0 0.5825281803542673 0.5 0.07004830917874397 0.09866666666666667
0 0.5575684380032206 0.492 0.04589371980676329 0.072
0 0.5483091787439613 0.484 0.043478260869565216 0.056
0 0.05958132045088567 0.6106666666666667 0.11916264090177134 0.2773333333333333
0 0.16666666666666666 0.56 0.11916264090177134 0.18133333333333335
0 0.25966183574879226 0.548 0.071658615136876 0.10933333333333334
0 0.35466988727858295 0.5066666666666667 0.04106280193236715 0.06933333333333333
0 0.37399355877616747 0.49333333333333335 0.029790660225442835 0.07466666666666667
0 0.40177133655394526 0.48933333333333334 0.027375201288244767 0.050666666666666665
0 0.4359903381642512 0.484 0.026570048309178744 0.04
0 0.9762479871175523 0.5546666666666666 0.04589371980676329 0.12266666666666666
0 0.08655394524959742 0.556 0.09098228663446055 0.14133333333333334
