0 0.8482286634460547 0.7413333333333333 0.30193236714975846 0.512
0 0.6010466988727858 0.6133333333333333 0.11674718196457327 0.25066666666666665
1 0.3333333333333333 0.584 0.033816425120772944 0.224
0 0.27898550724637683 0.6186666666666667 0.09259259259259259 0.19733333333333333
0 0.532608695652174 0.5493333333333333 0.07326892109500806 0.18133333333333335
0 0.4742351046698873 0.5333333333333333 0.040257648953301126 0.096
0 0.3462157809983897 0.5426666666666666 0.030595813204508857 0.07733333333333334
0 0.4500805152979066 0.5266666666666666 0.027375201288244767 0.072
2 0.3309178743961353 0.5106666666666667 0.008051529790660225 0.07733333333333334
2 0.3248792270531401 0.516 0.008856682769726247 0.07733333333333334
1 0.36513687600644124 0.576 0.029790660225442835 0.192
