0 0.8812399355877617 0.6666666666666666 0.2359098228663446 0.6613333333333333
0 0.4396135265700483 0.516 0.04669887278582931 0.168
0 0.7781803542673108 0.4666666666666667 0.21336553945249598 0.26666666666666666
0 0.2721417069243156 0.556 0.07246376811594203 0.13066666666666665
0 0.19404186795491143 0.5333333333333333 0.09017713365539452 0.18133333333333335
0 0.37318840579710144 0.5026666666666667 0.036231884057971016 0.09333333333333334
0 0.5849436392914654 0.5186666666666667 0.06521739130434782 0.12
0 0.46819645732689213 0.47733333333333333 0.02818035426731079 0.08
0 0.49798711755233493 0.4493333333333333 0.029790660225442835 0.104
0 0.6308373590982287 0.5053333333333333 0.06843800322061191 0.12533333333333332
0 0.9512882447665056 0.43333333333333335 0.09581320450885668 0.19466666666666665
0 0.46296296296296297 0.436 0.028985507246376812 0.14666666666666667
0 0.05676328502415459 0.572 0.11352657004830918 0.14133333333333334
