2 0.5852180936995154 0.6189839572192514 0.05250403877221325 0.4197860962566845
2 0.6421647819063004 0.5949197860962567 0.051696284329563816 0.4197860962566845
2 0.18537964458804523 0.5962566844919787 0.0395799676898223 0.31016042780748665
2 0.5016155088852988 0.5307486631016043 0.0210016155088853 0.20053475935828877
2 0.6033925686591276 0.5574866310160428 0.03231017770597738 0.30213903743315507
2 0.9325525040387722 0.6323529411764706 0.0864297253634895 0.5802139037433155
2 0.9547657512116317 0.5815508021390374 0.05492730210016155 0.4572192513368984
2 0.2455573505654281 0.6189839572192514 0.051696284329563816 0.3502673796791444
2 0.194264943457189 0.6256684491978609 0.034733441033925685 0.3689839572192513
2 0.8408723747980614 0.5574866310160428 0.04361873990306947 0.3983957219251337
0 0.43537964458804523 0.49331550802139035 0.0420032310177706 0.14171122994652408
0 0.3441033925686591 0.5053475935828877 0.08077544426494346 0.21390374331550802
0 0.3756058158319871 0.4959893048128342 0.050080775444264945 0.15775401069518716
