0 0.9464869281045751 0.5662162162162162 0.1053921568627451 0.13783783783783785
0 0.8941993464052288 0.5608108108108109 0.10212418300653595 0.13243243243243244
0 0.8251633986928104 0.5608108108108109 0.09477124183006536 0.14324324324324325
0 0.505718954248366 0.5054054054054054 0.027777777777777776 0.08108108108108109
1 0.3917483660130719 0.5162162162162162 0.02369281045751634 0.12432432432432433
2 0.15931372549019607 0.4689189189189189 0.011437908496732025 0.12702702702702703
2 0.1875 0.5054054054054054 0.022058823529411766 0.1891891891891892
1 0.6258169934640523 0.5459459459459459 0.06372549019607843 0.31351351351351353
2 0.21854575163398693 0.4837837837837838 0.015522875816993464 0.13513513513513514
2 0.19281045751633988 0.4797297297297297 0.016339869281045753 0.13783783783783785
2 0.4097222222222222 0.5878378378378378 0.03676470588235294 0.3216216216216216
2 0.4440359477124183 0.5662162162162162 0.06290849673202614 0.3054054054054054
2 0.48651960784313725 0.5837837837837838 0.04656862745098039 0.34054054054054056
2 0.75 0.6486486486486487 0.06699346405228758 0.5081081081081081
2 0.7565359477124183 0.6337837837837837 0.06535947712418301 0.45135135135135135
2 0.5645424836601307 0.6581081081081082 0.06209150326797386 0.4783783783783784
2 0.5755718954248366 0.6337837837837837 0.04330065359477124 0.44594594594594594
2 0.6209150326797386 0.6243243243243243 0.05065359477124183 0.3837837837837838
2 0.44485294117647056 0.6040540540540541 0.04003267973856209 0.37027027027027026
