0 0.17270531400966183 0.7573333333333333 0.34541062801932365 0.48
0 0.5676328502415459 0.5493333333333333 0.07407407407407407 0.17066666666666666
0 0.8349436392914654 0.7573333333333333 0.3285024154589372 0.48
0 0.27375201288244766 0.6733333333333333 0.178743961352657 0.37066666666666664
2 0.19887278582930756 0.6186666666666667 0.037037037037037035 0.4
2 0.2431561996779388 0.5826666666666667 0.020933977455716585 0.30133333333333334
0 0.4351851851851852 0.5146666666666667 0.03462157809983897 0.10133333333333333
0 0.533011272141707 0.5093333333333333 0.04186795491143317 0.10666666666666667
2 0.249597423510467 0.616 0.02254428341384863 0.30933333333333335
0 0.5144927536231884 0.484 0.02254428341384863 0.07733333333333334
