0 0.4577294685990338 0.5386666666666666 0.03784219001610306 0.10133333333333333
0 0.19766505636070852 0.7666666666666667 0.35185185185185186 0.4613333333333333
0 0.16948470209339775 0.644 0.18760064412238325 0.312
0 0.30676328502415456 0.5653333333333334 0.10789049919484701 0.13333333333333333
0 0.3385668276972625 0.548 0.07971014492753623 0.12533333333333332
0 0.3723832528180354 0.536 0.07004830917874397 0.09066666666666667
0 0.39009661835748793 0.5293333333333333 0.05233494363929147 0.07733333333333334
0 0.3997584541062802 0.5053333333333333 0.05555555555555555 0.088
0 0.8035426731078905 0.49866666666666665 0.2576489533011272 0.9973333333333333
0 0.5780998389694042 0.5973333333333334 0.0821256038647343 0.208
0 0.5563607085346216 0.5706666666666667 0.05152979066022544 0.144
0 0.5366344605475041 0.5506666666666666 0.04750402576489533 0.12
0 0.5193236714975845 0.468 0.05152979066022544 0.216
0 0.06521739130434782 0.576 0.1288244766505636 0.14933333333333335
0 0.464573268921095 0.524 0.027375201288244767 0.08266666666666667
