0 0.09017713365539452 0.5226666666666666 0.18035426731078905 0.9493333333333334
2 0.712157809983897 0.5386666666666666 0.03462157809983897 0.272
1 0.3079710144927536 0.6426666666666667 0.06038647342995169 0.3466666666666667
1 0.3687600644122383 0.556 0.028985507246376812 0.21066666666666667
0 0.6175523349436393 0.5906666666666667 0.10466988727858294 0.264
0 0.572463768115942 0.5426666666666666 0.06924315619967794 0.20533333333333334
0 0.5523349436392915 0.5186666666666667 0.05314009661835749 0.16266666666666665
2 0.5020128824476651 0.47733333333333333 0.008856682769726247 0.08533333333333333
2 0.5072463768115942 0.48 0.008051529790660225 0.08
0 0.4367954911433172 0.48133333333333334 0.020128824476650563 0.06666666666666667
0 0.39090177133655396 0.516 0.03784219001610306 0.09333333333333334
0 0.15056360708534622 0.7226666666666667 0.249597423510467 0.4053333333333333
0 0.28019323671497587 0.6093333333333333 0.11272141706924316 0.232
