0 0.7596618357487923 0.7613333333333333 0.26811594202898553 0.472
0 0.08856682769726248 0.728 0.17713365539452497 0.4
0 0.1280193236714976 0.656 0.2560386473429952 0.30933333333333335
0 0.18317230273752014 0.6186666666666667 0.20853462157809985 0.24533333333333332
0 0.23429951690821257 0.5773333333333334 0.16586151368760063 0.22133333333333333
0 0.5853462157809984 0.5773333333333334 0.0853462157809984 0.184
0 0.32407407407407407 0.5626666666666666 0.12962962962962962 0.144
0 0.5527375201288245 0.532 0.04750402576489533 0.104
0 0.3280998389694042 0.5413333333333333 0.10064412238325282 0.13333333333333333
0 0.3438003220611916 0.5226666666666666 0.0821256038647343 0.13333333333333333
0 0.5273752012882448 0.496 0.02576489533011272 0.07466666666666667
