0 0.4859098228663446 0.5053333333333333 0.020128824476650563 0.06133333333333333
0 0.33011272141706927 0.6586666666666666 0.1320450885668277 0.304
0 0.8256843800322061 0.7346666666666667 0.3470209339774557 0.5253333333333333
0 0.676731078904992 0.6746666666666666 0.15539452495974235 0.43733333333333335
0 0.5760869565217391 0.568 0.071658615136876 0.176
0 0.532608695652174 0.52 0.03140096618357488 0.09066666666666667
0 0.5567632850241546 0.5413333333333333 0.050724637681159424 0.13866666666666666
0 0.30394524959742353 0.5413333333333333 0.06682769726247988 0.08
0 0.2181964573268921 0.544 0.07568438003220612 0.08533333333333333
0 0.5177133655394525 0.504 0.020933977455716585 0.058666666666666666
2 0.7125603864734299 0.5733333333333334 0.03542673107890499 0.33066666666666666
