0 0.48188405797101447 0.5506666666666666 0.071658615136876 0.264
0 0.9388083735909822 0.47733333333333333 0.12077294685990338 0.5066666666666667
0 0.23711755233494364 0.6013333333333334 0.12640901771336555 0.2
0 0.13446054750402575 0.5746666666666667 0.15780998389694043 0.264
0 0.40096618357487923 0.5226666666666666 0.05475040257648953 0.128
0 0.7049114331723028 0.5546666666666666 0.11513687600644122 0.192
0 0.5301932367149759 0.4866666666666667 0.033011272141706925 0.104
0 0.5684380032206119 0.452 0.03864734299516908 0.12533333333333332
0 0.7773752012882448 0.5373333333333333 0.1247987117552335 0.2
0 0.8719806763285024 0.54 0.15619967793880837 0.17333333333333334
0 0.5249597423510467 0.436 0.037037037037037035 0.17866666666666667
0 0.0285829307568438 0.6 0.0571658615136876 0.17066666666666666
