0 0.2177938808373591 0.7013333333333334 0.19404186795491143 0.384
0 0.8357487922705314 0.4493333333333333 0.1819645732689211 0.21066666666666667
0 0.9247181964573269 0.43466666666666665 0.09098228663446055 0.13333333333333333
0 0.37359098228663445 0.5666666666666667 0.0644122383252818 0.136
0 0.32648953301127215 0.5933333333333334 0.10547504025764895 0.21066666666666667
0 0.5853462157809984 0.5093333333333333 0.0499194847020934 0.112
0 0.4005636070853462 0.5413333333333333 0.04589371980676329 0.112
0 0.4214975845410628 0.532 0.03140096618357488 0.08266666666666667
0 0.5185185185185185 0.5133333333333333 0.030595813204508857 0.08266666666666667
0 0.5954106280193237 0.5053333333333333 0.08132045088566828 0.09333333333333334
0 0.5527375201288245 0.49733333333333335 0.03784219001610306 0.06666666666666667
0 0.5233494363929146 0.472 0.03542673107890499 0.042666666666666665
0 0.41988727858293073 0.476 0.036231884057971016 0.034666666666666665
