0 0.1996779388083736 0.7533333333333333 0.2640901771336554 0.488
0 0.7701288244766505 0.74 0.24879227053140096 0.504
0 0.31843800322061194 0.576 0.1360708534621578 0.368
0 0.6521739130434783 0.624 0.14170692431561996 0.2826666666666667
0 0.607487922705314 0.5546666666666666 0.06038647342995169 0.16533333333333333
0 0.177938808373591 0.49733333333333335 0.214170692431562 0.25333333333333335
0 0.6239935587761675 0.5146666666666667 0.06763285024154589 0.15466666666666667
0 0.5044283413848631 0.48133333333333334 0.026570048309178744 0.09333333333333334
0 0.6900161030595813 0.4613333333333333 0.1143317230273752 0.144
0 0.40982286634460546 0.49866666666666665 0.030595813204508857 0.06933333333333333
