0 0.11594202898550725 0.74 0.2318840579710145 0.5146666666666667
0 0.7194041867954911 0.68 0.21497584541062803 0.448
0 0.26247987117552335 0.668 0.15780998389694043 0.34933333333333333
0 0.6219806763285024 0.592 0.11030595813204509 0.22933333333333333
0 0.571658615136876 0.48 0.0853462157809984 0.2826666666666667
0 0.5487117552334944 0.5133333333333333 0.039452495974235106 0.12533333333333332
0 0.5414653784219001 0.52 0.03784219001610306 0.10133333333333333
0 0.5181159420289855 0.5106666666666667 0.0249597423510467 0.06666666666666667
0 0.41626409017713367 0.5226666666666666 0.02576489533011272 0.058666666666666666
0 0.501207729468599 0.504 0.029790660225442835 0.06933333333333333
0 0.47665056360708535 0.504 0.02254428341384863 0.048
