0 0.4939613526570048 0.548 0.0426731078904992 0.11466666666666667
0 0.10587761674718196 0.744 0.21175523349436393 0.5066666666666667
0 0.285829307568438 0.6106666666666667 0.13848631239935588 0.22933333333333333
0 0.34017713365539454 0.5133333333333333 0.1473429951690821 0.30133333333333334
0 0.37278582930756843 0.56 0.09822866344605476 0.12266666666666666
0 0.4367954911433172 0.496 0.04589371980676329 0.07466666666666667
2 0.894122383252818 0.7106666666666667 0.08776167471819646 0.5733333333333334
0 0.5314009661835749 0.49066666666666664 0.030595813204508857 0.096
0 0.49033816425120774 0.5133333333333333 0.027375201288244767 0.08266666666666667
0 0.392512077294686 0.5253333333333333 0.09581320450885668 0.144
0 0.05314009661835749 0.56 0.10628019323671498 0.144
0 0.11312399355877617 0.6173333333333333 0.19082125603864733 0.25866666666666666
0 0.22826086956521738 0.5453333333333333 0.09581320450885668 0.168
2 0.09742351046698873 0.5173333333333333 0.01932367149758454 0.16
2 0.18478260869565216 0.5093333333333333 0.015297906602254429 0.096
0 0.2822061191626409 0.4573333333333333 0.07326892109500806 0.152
