0 0.11272141706924316 0.49866666666666665 0.22544283413848631 0.9973333333333333
0 0.4384057971014493 0.5106666666666667 0.016908212560386472 0.050666666666666665
0 0.2177938808373591 0.512 0.0426731078904992 0.07466666666666667
0 0.24798711755233493 0.5146666666666667 0.037037037037037035 0.058666666666666666
0 0.8140096618357487 0.556 0.07085346215780998 0.08266666666666667
0 0.2773752012882448 0.5106666666666667 0.029790660225442835 0.056
0 0.4500805152979066 0.5013333333333333 0.01610305958132045 0.042666666666666665
0 0.47383252818035426 0.548 0.0426731078904992 0.14133333333333334
0 0.17431561996779388 0.5266666666666666 0.05394524959742351 0.07733333333333334
1 0.7045088566827697 0.5426666666666666 0.01932367149758454 0.10933333333333334
0 0.8772141706924316 0.5573333333333333 0.05877616747181964 0.08
