2 0.7399030694668821 0.6911764705882353 0.07269789983844911 0.6122994652406417
2 0.05775444264943457 0.6751336898395722 0.11550888529886914 0.6443850267379679
2 0.4818255250403877 0.517379679144385 0.02665589660743134 0.24866310160427807
2 0.7023424878836834 0.6724598930481284 0.04119547657512116 0.5053475935828877
2 0.6215670436187399 0.6243315508021391 0.04281098546042003 0.4197860962566845
2 0.5920840064620355 0.5922459893048129 0.03231017770597738 0.3502673796791444
2 0.6821486268174475 0.5561497326203209 0.0654281098546042 0.33689839572192515
2 0.6490306946688207 0.6002673796791443 0.04119547657512116 0.3449197860962567
2 0.6530694668820679 0.516042780748663 0.02827140549273021 0.2620320855614973
0 0.45234248788368336 0.4839572192513369 0.050080775444264945 0.12834224598930483
