0 0.4891304347826087 0.524 0.04106280193236715 0.10933333333333334
0 0.07608695652173914 0.7306666666666667 0.15217391304347827 0.5333333333333333
0 0.24557165861513688 0.5933333333333334 0.13365539452495975 0.20533333333333334
0 0.392914653784219 0.6053333333333333 0.08856682769726248 0.208
0 0.4227053140096618 0.5613333333333334 0.0644122383252818 0.15733333333333333
0 0.34822866344605474 0.5226666666666666 0.09420289855072464 0.128
0 0.8244766505636071 0.7626666666666667 0.3494363929146538 0.4693333333333333
0 0.6368760064412239 0.44 0.16586151368760063 0.5493333333333333
2 0.751610305958132 0.6053333333333333 0.039452495974235106 0.352
0 0.5430756843800322 0.516 0.039452495974235106 0.104
0 0.5189210950080515 0.448 0.03462157809983897 0.14933333333333335
0 0.2431561996779388 0.5133333333333333 0.05636070853462158 0.08266666666666667
0 0.4774557165861514 0.508 0.027375201288244767 0.08266666666666667
0 0.07206119162640902 0.5453333333333333 0.11674718196457327 0.14666666666666667
