0 0.535829307568438 0.6893333333333334 0.1457326892109501 0.456
0 0.9259259259259259 0.7213333333333334 0.14653784219001612 0.552
0 0.6219806763285024 0.52 0.09581320450885668 0.144
0 0.5805152979066023 0.5026666666666667 0.057971014492753624 0.09333333333333334
0 0.5632045088566827 0.496 0.05233494363929147 0.06933333333333333
0 0.4677938808373591 0.48533333333333334 0.01932367149758454 0.042666666666666665
0 0.1280193236714976 0.6053333333333333 0.14170692431561996 0.18666666666666668
0 0.3168276972624799 0.5253333333333333 0.0571658615136876 0.09066666666666667
0 0.34581320450885666 0.5053333333333333 0.039452495974235106 0.09333333333333334
0 0.3864734299516908 0.496 0.033816425120772944 0.064
0 0.42954911433172305 0.48933333333333334 0.03140096618357488 0.04533333333333334
0 0.22544283413848631 0.5186666666666667 0.061191626409017714 0.09333333333333334
0 0.21658615136876005 0.5093333333333333 0.0644122383252818 0.06933333333333333
