0 0.08816425120772947 0.672 0.17632850241545894 0.4266666666666667
0 0.09863123993558776 0.6026666666666667 0.19082125603864733 0.336
0 0.213768115942029 0.592 0.24074074074074073 0.256
0 0.23832528180354268 0.484 0.25442834138486314 0.3973333333333333
0 0.6457326892109501 0.6493333333333333 0.143317230273752 0.30666666666666664
0 0.7258454106280193 0.5693333333333334 0.1392914653784219 0.184
0 0.32407407407407407 0.532 0.11835748792270531 0.14133333333333334
0 0.5185185185185185 0.496 0.01932367149758454 0.048
0 0.4174718196457327 0.48933333333333334 0.05394524959742351 0.06666666666666667
0 0.5768921095008052 0.504 0.06038647342995169 0.07466666666666667
0 0.6163446054750402 0.5146666666666667 0.0748792270531401 0.10133333333333333
