2 0.46849757673667203 0.5294117647058824 0.01938610662358643 0.13903743315508021
0 0.327140549273021 0.45454545454545453 0.1260096930533118 0.22994652406417113
0 0.41195476575121165 0.4425133689839572 0.0630048465266559 0.21122994652406418
0 0.528675282714055 0.42780748663101603 0.19466882067851374 0.20320855614973263
2 0.9923263327948304 0.8181818181818182 0.013731825525040387 0.3582887700534759
2 0.9212439418416801 0.7887700534759359 0.11873990306946688 0.41711229946524064
2 0.6789176090468497 0.696524064171123 0.0654281098546042 0.3074866310160428
2 0.7172859450726979 0.6885026737967914 0.06462035541195477 0.3074866310160428
2 0.6502423263327949 0.6778074866310161 0.05977382875605816 0.2540106951871658
2 0.6902261712439418 0.6590909090909091 0.0444264943457189 0.2700534759358289
