0 0.0889694041867955 0.7786666666666666 0.177938808373591 0.43733333333333335
0 0.3289049919484702 0.6626666666666666 0.1215780998389694 0.2853333333333333
0 0.1932367149758454 0.692 0.1706924315619968 0.312
1 0.7012882447665056 0.6613333333333333 0.12238325281803543 0.336
0 0.9899355877616747 0.5773333333333334 0.018518518518518517 0.30133333333333334
1 0.7773752012882448 0.7 0.14251207729468598 0.4186666666666667
2 0.0680354267310789 0.6466666666666666 0.029790660225442835 0.31733333333333336
0 0.41505636070853463 0.5666666666666667 0.04428341384863124 0.13066666666666665
0 0.44082125603864736 0.5306666666666666 0.0249597423510467 0.07466666666666667
0 0.4496779388083736 0.504 0.020128824476650563 0.08
0 0.5527375201288245 0.54 0.07971014492753623 0.104
0 0.5221417069243156 0.5173333333333333 0.05394524959742351 0.07466666666666667
0 0.3856682769726248 0.5746666666666667 0.07568438003220612 0.22133333333333333
