0 0.533816425120773 0.6973333333333334 0.14170692431561996 0.44533333333333336
0 0.9710144927536232 0.7373333333333333 0.05636070853462158 0.52
0 0.6288244766505636 0.5293333333333333 0.09822866344605476 0.152
0 0.5845410628019324 0.512 0.05958132045088567 0.096
0 0.5644122383252818 0.5026666666666667 0.05314009661835749 0.072
0 0.38405797101449274 0.5293333333333333 0.04186795491143317 0.088
0 0.10748792270531402 0.6186666666666667 0.1537842190016103 0.19733333333333333
0 0.4577294685990338 0.49333333333333335 0.023349436392914653 0.048
0 0.49114331723027377 0.4826666666666667 0.017713365539452495 0.042666666666666665
0 0.31280193236714976 0.5333333333333333 0.05877616747181964 0.096
0 0.34299516908212563 0.5146666666666667 0.040257648953301126 0.096
0 0.3856682769726248 0.5066666666666667 0.03542673107890499 0.064
0 0.42995169082125606 0.49733333333333335 0.0322061191626409 0.04533333333333334
0 0.21940418679549115 0.5293333333333333 0.061996779388083734 0.09866666666666667
0 0.20974235104669886 0.516 0.06682769726247988 0.072
