0 0.15645424836601307 0.754054054054054 0.31290849673202614 0.4864864864864865
2 0.5759803921568627 0.5567567567567567 0.05392156862745098 0.3027027027027027
1 0.9117647058823529 0.45 0.05065359477124183 0.13243243243243244
2 0.35866013071895425 0.581081081081081 0.06535947712418301 0.31351351351351353
2 0.35947712418300654 0.5837837837837838 0.049019607843137254 0.35135135135135137
1 0.7871732026143791 0.48243243243243245 0.02696078431372549 0.16486486486486487
2 0.0988562091503268 0.5905405405405405 0.026143790849673203 0.23513513513513515
2 0.08823529411764706 0.6054054054054054 0.029411764705882353 0.22702702702702704
1 0.34395424836601307 0.581081081081081 0.08823529411764706 0.2810810810810811
2 0.058823529411764705 0.5932432432432433 0.03431372549019608 0.2945945945945946
0 0.9758986928104575 0.4702702702702703 0.04656862745098039 0.11891891891891893
0 0.3839869281045752 0.4864864864864865 0.026143790849673203 0.06486486486486487
