0 0.5128824476650563 0.5866666666666667 0.0821256038647343 0.256
0 0.927536231884058 0.604 0.143317230273752 0.7866666666666666
0 0.7028985507246377 0.5906666666666667 0.1706924315619968 0.2906666666666667
0 0.5897745571658615 0.49866666666666665 0.0748792270531401 0.10666666666666667
0 0.5623993558776168 0.492 0.04750402576489533 0.07733333333333334
0 0.5499194847020934 0.484 0.04508856682769726 0.06133333333333333
0 0.025362318840579712 0.6133333333333333 0.050724637681159424 0.2773333333333333
0 0.12318840579710146 0.5773333333333334 0.14492753623188406 0.21066666666666667
0 0.2363123993558776 0.552 0.08293075684380032 0.12266666666666666
0 0.3462157809983897 0.504 0.043478260869565216 0.07466666666666667
0 0.3667471819645733 0.492 0.03140096618357488 0.07733333333333334
0 0.39855072463768115 0.4866666666666667 0.028985507246376812 0.056
0 0.43397745571658614 0.48 0.027375201288244767 0.042666666666666665
0 0.27375201288244766 0.5026666666666667 0.04669887278582931 0.07733333333333334
0 0.043478260869565216 0.5626666666666666 0.08695652173913043 0.16533333333333333
