0 0.49516908212560384 0.5226666666666666 0.03542673107890499 0.112
0 0.8731884057971014 0.7093333333333334 0.25201288244766507 0.576
0 0.7471819645732689 0.6533333333333333 0.20933977455716588 0.37866666666666665
0 0.6819645732689211 0.5813333333333334 0.15942028985507245 0.2826666666666667
0 0.6505636070853462 0.5626666666666666 0.11594202898550725 0.192
0 0.6227858293075684 0.54 0.11030595813204509 0.14666666666666667
0 0.42592592592592593 0.49733333333333335 0.01932367149758454 0.04
0 0.37318840579710144 0.5333333333333333 0.04106280193236715 0.09066666666666667
0 0.5764895330112721 0.508 0.07407407407407407 0.09866666666666667
0 0.5551529790660226 0.49866666666666665 0.05877616747181964 0.07466666666666667
0 0.538244766505636 0.484 0.04750402576489533 0.072
0 0.38003220611916266 0.49866666666666665 0.02576489533011272 0.058666666666666666
0 0.357890499194847 0.49333333333333335 0.016908212560386472 0.042666666666666665
