0 0.6570048309178744 0.5666666666666667 0.09178743961352658 0.32266666666666666
0 0.38486312399355876 0.6106666666666667 0.13043478260869565 0.21866666666666668
0 0.2894524959742351 0.576 0.1473429951690821 0.26666666666666666
0 0.5531400966183575 0.5306666666666666 0.05636070853462158 0.144
0 0.9347826086956522 0.6 0.1288244766505636 0.2613333333333333
0 0.6984702093397746 0.49466666666666664 0.04106280193236715 0.11466666666666667
0 0.7415458937198067 0.45866666666666667 0.0499194847020934 0.144
0 0.9830917874396136 0.548 0.0322061191626409 0.22133333333333333
0 0.6908212560386473 0.432 0.04669887278582931 0.20266666666666666
0 0.14170692431561996 0.6093333333333333 0.16264090177133655 0.18933333333333333
0 0.05475040257648953 0.6053333333333333 0.10950080515297907 0.15466666666666667
