0 0.11231884057971014 0.7666666666666667 0.2246376811594203 0.424
0 0.23752012882447665 0.6493333333333333 0.12721417069243157 0.24266666666666667
0 0.31199677938808373 0.596 0.08293075684380032 0.16266666666666665
0 0.8301127214170693 0.484 0.18357487922705315 0.216
0 0.7769726247987118 0.47333333333333333 0.11594202898550725 0.19466666666666665
0 0.7371175523349437 0.47333333333333333 0.11674718196457327 0.168
0 0.6908212560386473 0.484 0.10628019323671498 0.136
0 0.36513687600644124 0.5573333333333333 0.0571658615136876 0.112
0 0.5776972624798712 0.5386666666666666 0.061996779388083734 0.144
0 0.5591787439613527 0.5226666666666666 0.04428341384863124 0.12266666666666666
