2 0.5416666666666666 0.4689189189189189 0.0196078431372549 0.15405405405405406
2 0.22589869281045752 0.5391891891891892 0.035130718954248366 0.327027027027027
2 0.7536764705882353 0.6824324324324325 0.0727124183006536 0.6297297297297297
2 0.6842320261437909 0.6945945945945946 0.07761437908496732 0.6054054054054054
2 0.9285130718954249 0.6878378378378378 0.14133986928104575 0.6189189189189189
2 0.9595588235294118 0.6986486486486486 0.07924836601307189 0.5972972972972973
2 0.6756535947712419 0.5162162162162162 0.029411764705882353 0.20540540540540542
2 0.46282679738562094 0.6945945945945946 0.056372549019607844 0.5891891891891892
2 0.4922385620915033 0.6608108108108108 0.041666666666666664 0.46216216216216216
2 0.5343137254901961 0.6378378378378379 0.04738562091503268 0.5081081081081081
2 0.5759803921568627 0.6581081081081082 0.04084967320261438 0.4081081081081081
2 0.6066176470588235 0.6121621621621621 0.049836601307189546 0.44594594594594594
2 0.6633986928104575 0.6378378378378379 0.05228758169934641 0.42702702702702705
2 0.4395424836601307 0.5297297297297298 0.029411764705882353 0.2918918918918919
2 0.4959150326797386 0.5337837837837838 0.042483660130718956 0.27297297297297296
2 0.5273692810457516 0.518918918918919 0.04493464052287582 0.2972972972972973
2 0.5763888888888888 0.5216216216216216 0.04656862745098039 0.2810810810810811
0 0.1090686274509804 0.49864864864864866 0.2181372549019608 0.9972972972972973
