0 0.4919484702093398 0.544 0.04508856682769726 0.12266666666666666
0 0.17713365539452497 0.6906666666666667 0.20933977455716588 0.3893333333333333
0 0.2753623188405797 0.6013333333333334 0.16747181964573268 0.3333333333333333
0 0.34903381642512077 0.5746666666666667 0.11513687600644122 0.16266666666666665
0 0.3603059581320451 0.556 0.10064412238325282 0.14133333333333334
0 0.39090177133655396 0.536 0.06843800322061191 0.096
0 0.4114331723027375 0.5266666666666666 0.05958132045088567 0.08266666666666667
0 0.6360708534621579 0.5533333333333333 0.13848631239935588 0.36533333333333334
0 0.5913848631239935 0.5666666666666667 0.06682769726247988 0.14666666666666667
0 0.5438808373590982 0.528 0.02818035426731079 0.07466666666666667
0 0.5249597423510467 0.48 0.024154589371980676 0.08
0 0.4895330112721417 0.52 0.028985507246376812 0.08533333333333333
0 0.026972624798711754 0.664 0.05394524959742351 0.2986666666666667
0 0.057971014492753624 0.576 0.11594202898550725 0.176
0 0.22181964573268922 0.516 0.11030595813204509 0.23733333333333334
0 0.1497584541062802 0.5386666666666666 0.08695652173913043 0.13866666666666666
