0 0.6541867954911433 0.6626666666666666 0.1473429951690821 0.30666666666666664
0 0.08293075684380032 0.7613333333333333 0.16586151368760063 0.4666666666666667
0 0.1179549114331723 0.6706666666666666 0.2359098228663446 0.344
0 0.14653784219001612 0.6453333333333333 0.23832528180354268 0.26666666666666666
0 0.21698872785829307 0.6093333333333333 0.18438003220611915 0.22666666666666666
0 0.27657004830917875 0.568 0.13285024154589373 0.176
0 0.5623993558776168 0.564 0.06682769726247988 0.152
0 0.34541062801932365 0.552 0.10950080515297907 0.12266666666666666
0 0.5410628019323671 0.528 0.040257648953301126 0.09066666666666667
0 0.3470209339774557 0.5373333333333333 0.0853462157809984 0.11466666666666667
0 0.35507246376811596 0.52 0.07085346215780998 0.11733333333333333
0 0.5209339774557166 0.49866666666666665 0.024154589371980676 0.06933333333333333
