0 0.4855072463768116 0.5453333333333333 0.04669887278582931 0.12533333333333332
0 0.08977455716586151 0.7293333333333333 0.17954911433172302 0.536
0 0.3023349436392915 0.5746666666666667 0.1247987117552335 0.17333333333333334
0 0.3389694041867955 0.5626666666666666 0.10144927536231885 0.13866666666666666
0 0.4335748792270531 0.5413333333333333 0.04589371980676329 0.10133333333333333
0 0.6175523349436393 0.5266666666666666 0.13365539452495975 0.392
0 0.5648148148148148 0.5493333333333333 0.06038647342995169 0.13866666666666666
0 0.5169082125603864 0.5053333333333333 0.020933977455716585 0.056
0 0.17713365539452497 0.5853333333333334 0.1111111111111111 0.168
0 0.24476650563607086 0.524 0.10144927536231885 0.2
0 0.48993558776167473 0.52 0.03140096618357488 0.096
0 0.13727858293075684 0.5413333333333333 0.07809983896940419 0.112
1 0.06723027375201288 0.5466666666666666 0.04106280193236715 0.12266666666666666
