2 0.556781045751634 0.47297297297297297 0.013888888888888888 0.15675675675675677
2 0.24019607843137256 0.5337837837837838 0.027777777777777776 0.327027027027027
2 0.6666666666666666 0.6364864864864865 0.049019607843137254 0.5108108108108108
2 0.6674836601307189 0.581081081081081 0.05392156862745098 0.43243243243243246
2 0.6147875816993464 0.6189189189189189 0.0923202614379085 0.4918918918918919
2 0.6078431372549019 0.654054054054054 0.05718954248366013 0.5351351351351351
2 0.46200980392156865 0.4972972972972973 0.028594771241830064 0.23243243243243245
2 0.4930555555555556 0.48783783783783785 0.028594771241830064 0.24054054054054055
2 0.46119281045751637 0.48243243243243245 0.025326797385620915 0.20810810810810812
2 0.42769607843137253 0.49324324324324326 0.025326797385620915 0.21891891891891893
2 0.4738562091503268 0.4783783783783784 0.013071895424836602 0.17297297297297298
2 0.3639705882352941 0.4905405405405405 0.02042483660130719 0.21891891891891893
2 0.3815359477124183 0.4918918918918919 0.017973856209150325 0.1891891891891892
2 0.40318627450980393 0.4756756756756757 0.01715686274509804 0.21081081081081082
0 0.1090686274509804 0.49864864864864866 0.2181372549019608 0.9972972972972973
