0 0.5293880837359098 0.6653333333333333 0.12318840579710146 0.38666666666666666
0 0.9778582930756844 0.7386666666666667 0.0426731078904992 0.5173333333333333
0 0.6300322061191627 0.5333333333333333 0.09903381642512077 0.15466666666666667
0 0.5845410628019324 0.5146666666666667 0.05958132045088567 0.096
0 0.5648148148148148 0.5053333333333333 0.05394524959742351 0.072
0 0.35909822866344604 0.544 0.05152979066022544 0.10666666666666667
0 0.10547504025764895 0.6226666666666667 0.15619967793880837 0.2
0 0.4492753623188406 0.49733333333333335 0.024154589371980676 0.056
0 0.48389694041867953 0.48533333333333334 0.01932367149758454 0.042666666666666665
0 0.31239935587761675 0.536 0.05958132045088567 0.096
0 0.3421900161030596 0.5173333333333333 0.040257648953301126 0.096
0 0.3852657004830918 0.508 0.03462157809983897 0.06666666666666667
0 0.42995169082125606 0.5 0.0322061191626409 0.04533333333333334
0 0.2181964573268921 0.532 0.06280193236714976 0.09866666666666667
0 0.20893719806763286 0.516 0.06682769726247988 0.072
