0 0.4943639291465378 0.524 0.037037037037037035 0.11466666666666667
0 0.9758454106280193 0.6986666666666667 0.04669887278582931 0.5973333333333334
0 0.8490338164251208 0.7173333333333334 0.23268921095008052 0.512
0 0.7351046698872786 0.624 0.18840579710144928 0.304
0 0.392512077294686 0.512 0.03140096618357488 0.064
0 0.17028985507246377 0.6546666666666666 0.16505636070853463 0.27466666666666667
0 0.6095008051529791 0.5253333333333333 0.10305958132045089 0.144
0 0.572866344605475 0.512 0.07648953301127215 0.10133333333333333
0 0.5458937198067633 0.488 0.057971014492753624 0.09066666666666667
0 0.35668276972624796 0.49866666666666665 0.033816425120772944 0.06933333333333333
0 0.3719806763285024 0.49333333333333335 0.027375201288244767 0.058666666666666666
0 0.40982286634460546 0.488 0.01932367149758454 0.037333333333333336
0 0.3333333333333333 0.49466666666666664 0.020933977455716585 0.050666666666666665
