0 0.928341384863124 0.564 0.14170692431561996 0.296
0 0.8458132045088567 0.5346666666666666 0.1457326892109501 0.22666666666666666
0 0.96658615136876 0.76 0.06521739130434782 0.4746666666666667
0 0.7971014492753623 0.74 0.3107890499194847 0.5146666666666667
0 0.14009661835748793 0.744 0.28019323671497587 0.5066666666666667
0 0.28180354267310787 0.5973333333333334 0.18679549114331723 0.44266666666666665
0 0.784621578099839 0.5173333333333333 0.11835748792270531 0.18133333333333335
0 0.7073268921095008 0.49466666666666664 0.1247987117552335 0.17333333333333334
0 0.7016908212560387 0.4786666666666667 0.14895330112721417 0.168
0 0.3607085346215781 0.568 0.09500805152979067 0.22933333333333333
0 0.39492753623188404 0.54 0.06360708534621579 0.15733333333333333
0 0.5140901771336553 0.43866666666666665 0.0748792270531401 0.22666666666666666
