0 0.06763285024154589 0.7093333333333334 0.13526570048309178 0.43733333333333335
0 0.12721417069243157 0.6706666666666666 0.25442834138486314 0.328
0 0.1706924315619968 0.612 0.23993558776167473 0.25866666666666666
0 0.2580515297906602 0.584 0.1537842190016103 0.20266666666666666
0 0.28381642512077293 0.5586666666666666 0.1473429951690821 0.216
1 0.43156199677938806 0.5466666666666666 0.01288244766505636 0.10133333333333333
0 0.8764090177133655 0.8026666666666666 0.24557165861513688 0.3893333333333333
0 0.8876811594202898 0.696 0.22302737520128824 0.4533333333333333
0 0.8421900161030595 0.6613333333333333 0.24798711755233493 0.32
0 0.7552334943639292 0.628 0.17713365539452497 0.23733333333333334
0 0.71658615136876 0.5946666666666667 0.12721417069243157 0.19733333333333333
0 0.6815619967793881 0.5893333333333334 0.14412238325281804 0.18133333333333335
0 0.6509661835748792 0.5746666666666667 0.12962962962962962 0.14133333333333334
0 0.6380837359098228 0.5533333333333333 0.10547504025764895 0.152
0 0.35990338164251207 0.5506666666666666 0.09017713365539452 0.09866666666666667
0 0.37721417069243157 0.5466666666666666 0.07648953301127215 0.09066666666666667
0 0.5265700483091788 0.54 0.0322061191626409 0.08266666666666667
0 0.5116747181964574 0.5186666666666667 0.020128824476650563 0.056
0 0.4967793880837359 0.49066666666666664 0.01288244766505636 0.048
