0 0.5020128824476651 0.5426666666666666 0.05555555555555555 0.17333333333333334
0 0.964170692431562 0.74 0.07004830917874397 0.5146666666666667
0 0.8337359098228664 0.6493333333333333 0.21336553945249598 0.488
0 0.6618357487922706 0.5226666666666666 0.15136876006441224 0.2826666666666667
0 0.6026570048309179 0.5186666666666667 0.09581320450885668 0.14133333333333334
0 0.5615942028985508 0.484 0.0571658615136876 0.07733333333333334
0 0.5471014492753623 0.48 0.039452495974235106 0.058666666666666666
0 0.18679549114331723 0.5453333333333333 0.1143317230273752 0.17333333333333334
0 0.3333333333333333 0.476 0.08856682769726248 0.23733333333333334
0 0.25966183574879226 0.5293333333333333 0.071658615136876 0.12533333333333332
0 0.30917874396135264 0.524 0.0499194847020934 0.08266666666666667
0 0.37318840579710144 0.49066666666666664 0.033011272141706925 0.058666666666666666
0 0.38727858293075684 0.4826666666666667 0.024154589371980676 0.064
0 0.40982286634460546 0.4786666666666667 0.024154589371980676 0.04533333333333334
0 0.19162640901771336 0.5293333333333333 0.057971014492753624 0.104
