2 0.6853796445880452 0.6898395721925134 0.049273021001615507 0.5187165775401069
2 0.23546042003231019 0.6991978609625669 0.07673667205169628 0.5374331550802139
2 0.12035541195476575 0.6844919786096256 0.05492730210016155 0.49732620320855614
2 0.9575928917609047 0.7018716577540107 0.08319870759289176 0.5909090909090909
2 0.9248788368336026 0.6898395721925134 0.0791599353796446 0.6149732620320856
2 0.5149434571890146 0.536096256684492 0.023424878836833602 0.22192513368983957
2 0.6611470113085622 0.6577540106951871 0.05896607431340872 0.41711229946524064
2 0.6118739903069467 0.6229946524064172 0.03150242326332795 0.35294117647058826
2 0.5896607431340872 0.5989304812834224 0.029079159935379646 0.3048128342245989
2 0.6506462035541195 0.56951871657754 0.05250403877221325 0.29411764705882354
2 0.614297253634895 0.6082887700534759 0.03150242326332795 0.2967914438502674
2 0.6615508885298869 0.5334224598930482 0.04038772213247173 0.23796791443850268
0 0.45840064620355414 0.5066844919786097 0.0444264943457189 0.11497326203208556
