0 0.823268921095008 0.6946666666666667 0.35185185185185186 0.6053333333333333
0 0.6614331723027376 0.6066666666666667 0.15861513687600645 0.41333333333333333
0 0.6042673107890499 0.5613333333333334 0.07971014492753623 0.216
2 0.5539452495974235 0.49866666666666665 0.01610305958132045 0.12266666666666666
2 0.5575684380032206 0.504 0.013687600644122383 0.11733333333333333
0 0.4351851851851852 0.5053333333333333 0.026570048309178744 0.088
2 0.5024154589371981 0.492 0.008051529790660225 0.072
0 0.34581320450885666 0.5746666666666667 0.07326892109500806 0.16266666666666665
0 0.11996779388083736 0.7573333333333333 0.23993558776167473 0.48
0 0.25402576489533013 0.6373333333333333 0.14251207729468598 0.29333333333333333
2 0.3723832528180354 0.5226666666666666 0.008856682769726247 0.08533333333333333
