0 0.49315619967793883 0.5466666666666666 0.04428341384863124 0.12266666666666666
0 0.12117552334943639 0.7 0.24235104669887278 0.5946666666666667
0 0.22302737520128824 0.636 0.17713365539452497 0.42933333333333334
0 0.32326892109500804 0.5786666666666667 0.11513687600644122 0.18133333333333335
0 0.3603059581320451 0.5426666666666666 0.10386473429951691 0.184
0 0.39009661835748793 0.5413333333333333 0.08293075684380032 0.10666666666666667
0 0.5789049919484702 0.512 0.07568438003220612 0.21866666666666668
0 0.48711755233494364 0.516 0.027375201288244767 0.08266666666666667
0 0.020128824476650563 0.48133333333333334 0.040257648953301126 0.36
0 0.3007246376811594 0.504 0.06521739130434782 0.16
