0 0.1356682769726248 0.8133333333333334 0.2713365539452496 0.368
0 0.821256038647343 0.7493333333333333 0.355877616747182 0.496
0 0.8329307568438004 0.5466666666666666 0.2246376811594203 0.21866666666666668
0 0.3671497584541063 0.568 0.07729468599033816 0.176
0 0.5881642512077294 0.564 0.07004830917874397 0.17333333333333334
0 0.39090177133655396 0.5173333333333333 0.061996779388083734 0.18666666666666668
0 0.5636070853462157 0.54 0.05958132045088567 0.136
0 0.2777777777777778 0.484 0.13848631239935588 0.168
0 0.49516908212560384 0.47733333333333333 0.020933977455716585 0.07466666666666667
0 0.6380837359098228 0.4493333333333333 0.0861513687600644 0.10933333333333334
