2 0.4907108239095315 0.5454545454545454 0.012116316639741519 0.1497326203208556
2 0.5105008077544426 0.5347593582887701 0.0210016155088853 0.15508021390374332
2 0.15306946688206785 0.7312834224598931 0.09289176090468497 0.5320855614973262
2 0.21082390953150243 0.6336898395721925 0.03715670436187399 0.2727272727272727
0 0.07027463651050081 0.7032085561497327 0.14054927302100162 0.5882352941176471
2 0.22576736672051698 0.6457219251336899 0.034733441033925685 0.3235294117647059
2 0.6526655896607432 0.606951871657754 0.048465266558966075 0.39037433155080214
2 0.8796445880452343 0.6310160427807486 0.10016155088852989 0.5508021390374331
2 0.28998384491114704 0.5842245989304813 0.0210016155088853 0.17914438502673796
2 0.4204361873990307 0.5481283422459893 0.013731825525040387 0.1497326203208556
0 0.3360258481421648 0.570855614973262 0.09854604200323101 0.2540106951871658
0 0.3804523424878837 0.5414438502673797 0.05654281098546042 0.17914438502673796
