2 0.5588235294117647 0.4702702702702703 0.017973856209150325 0.15135135135135136
2 0.22630718954248366 0.5297297297297298 0.029411764705882353 0.32972972972972975
2 0.6805555555555556 0.6959459459459459 0.0784313725490196 0.6027027027027027
2 0.7581699346405228 0.6797297297297298 0.07516339869281045 0.6351351351351351
2 0.5829248366013072 0.577027027027027 0.04656862745098039 0.3864864864864865
2 0.548202614379085 0.5675675675675675 0.05228758169934641 0.372972972972973
2 0.6503267973856209 0.5608108108108109 0.03758169934640523 0.37027027027027026
2 0.6973039215686274 0.5675675675675675 0.06781045751633986 0.35135135135135137
2 0.8586601307189542 0.5743243243243243 0.029411764705882353 0.20810810810810812
2 0.41625816993464054 0.5675675675675675 0.03676470588235294 0.3675675675675676
2 0.4297385620915033 0.5675675675675675 0.024509803921568627 0.31351351351351353
2 0.4624183006535948 0.5445945945945946 0.032679738562091505 0.34324324324324323
2 0.5004084967320261 0.5675675675675675 0.02696078431372549 0.2810810810810811
2 0.502859477124183 0.5310810810810811 0.031862745098039214 0.3
2 0.3901143790849673 0.5 0.025326797385620915 0.22702702702702704
2 0.4542483660130719 0.5 0.029411764705882353 0.21081081081081082
2 0.4840686274509804 0.4972972972972973 0.02042483660130719 0.22702702702702704
2 0.5216503267973857 0.4891891891891892 0.022058823529411766 0.21621621621621623
0 0.1090686274509804 0.49864864864864866 0.2181372549019608 0.9972972972972973
