2 0.5473856209150327 0.4702702702702703 0.016339869281045753 0.15675675675675677
2 0.2426470588235294 0.5378378378378378 0.03104575163398693 0.32972972972972975
2 0.9040032679738562 0.745945945945946 0.17238562091503268 0.5027027027027027
2 0.9334150326797386 0.7337837837837838 0.1315359477124183 0.527027027027027
2 0.48733660130718953 0.4851351351351351 0.018790849673202614 0.17027027027027028
2 0.5555555555555556 0.5675675675675675 0.03758169934640523 0.372972972972973
2 0.5473856209150327 0.5324324324324324 0.049019607843137254 0.32432432432432434
2 0.5040849673202614 0.5675675675675675 0.03758169934640523 0.3675675675675676
2 0.497140522875817 0.5662162162162162 0.03839869281045752 0.3810810810810811
2 0.4415849673202614 0.4783783783783784 0.025326797385620915 0.1945945945945946
2 0.460375816993464 0.4743243243243243 0.022058823529411766 0.20270270270270271
2 0.4325980392156863 0.4756756756756757 0.02042483660130719 0.1837837837837838
2 0.4089052287581699 0.4837837837837838 0.02042483660130719 0.1945945945945946
2 0.34068627450980393 0.4797297297297297 0.021241830065359478 0.1918918918918919
2 0.36642156862745096 0.4851351351351351 0.01715686274509804 0.17027027027027028
2 0.3901143790849673 0.4743243243243243 0.018790849673202614 0.1918918918918919
0 0.1090686274509804 0.49864864864864866 0.2181372549019608 0.9972972972972973
