0 0.394524959742351 0.5333333333333333 0.06280193236714976 0.22933333333333333
0 0.8502415458937198 0.4613333333333333 0.2898550724637681 0.37333333333333335
0 0.16988727858293076 0.588 0.11594202898550725 0.184
0 0.06723027375201288 0.5773333333333334 0.13446054750402575 0.248
0 0.321256038647343 0.52 0.0499194847020934 0.11733333333333333
0 0.5841384863123994 0.5293333333333333 0.08776167471819646 0.15733333333333333
0 0.44122383252818037 0.48133333333333334 0.030595813204508857 0.09333333333333334
0 0.4754428341384863 0.448 0.033011272141706925 0.11733333333333333
0 0.644122383252818 0.5186666666666667 0.09017713365539452 0.16266666666666665
0 0.7125603864734299 0.5186666666666667 0.10466988727858294 0.136
0 0.9794685990338164 0.43333333333333335 0.039452495974235106 0.20533333333333334
0 0.43478260869565216 0.43866666666666665 0.03542673107890499 0.168
