2 0.82085346215781 0.5786666666666667 0.05555555555555555 0.4
0 0.8679549114331723 0.7506666666666667 0.26247987117552335 0.49333333333333335
0 0.7218196457326892 0.656 0.16988727858293076 0.3253333333333333
0 0.3071658615136876 0.6413333333333333 0.1473429951690821 0.312
0 0.3780193236714976 0.592 0.07971014492753623 0.192
0 0.6316425120772947 0.5786666666666667 0.08776167471819646 0.192
0 0.4170692431561997 0.5466666666666666 0.05475040257648953 0.14933333333333335
0 0.46497584541062803 0.528 0.04750402576489533 0.10666666666666667
0 0.5982286634460547 0.5413333333333333 0.043478260869565216 0.13333333333333333
0 0.5462962962962963 0.5133333333333333 0.04428341384863124 0.07733333333333334
0 0.6545893719806763 0.44 0.03864734299516908 0.10133333333333333
