0 0.46897663174858983 0.5172872340425532 0.032232070910556 0.09840425531914894
0 0.23489121676067687 0.7007978723404256 0.18291700241740533 0.36436170212765956
0 0.05922643029814666 0.6835106382978723 0.11845286059629331 0.3404255319148936
0 0.014101531023368252 0.601063829787234 0.028203062046736505 0.18617021276595744
0 0.16156325543916197 0.598404255319149 0.1313456889605157 0.2074468085106383
0 0.2892828364222401 0.5053191489361702 0.09347300564061241 0.2393617021276596
0 0.14705882352941177 0.5638297872340425 0.10394842868654311 0.14361702127659576
0 0.3279613215149073 0.5305851063829787 0.048348106365834004 0.09840425531914894
0 0.43352135374697826 0.4574468085106383 0.0273972602739726 0.13297872340425532
0 0.24053182917002416 0.5292553191489362 0.057211925866236905 0.10106382978723404
