0 0.12439613526570048 0.764 0.24879227053140096 0.4666666666666667
0 0.9400161030595813 0.7773333333333333 0.11835748792270531 0.44
0 0.26006441223832527 0.6413333333333333 0.15619967793880837 0.264
0 0.7926731078904992 0.7453333333333333 0.29066022544283415 0.504
0 0.3977455716586151 0.5306666666666666 0.04508856682769726 0.10666666666666667
0 0.6606280193236715 0.6186666666666667 0.12318840579710146 0.26666666666666666
0 0.6143317230273752 0.5693333333333334 0.07407407407407407 0.17866666666666667
0 0.5885668276972624 0.5453333333333333 0.057971014492753624 0.13066666666666665
0 0.4138486312399356 0.52 0.040257648953301126 0.09066666666666667
0 0.5776972624798712 0.5253333333333333 0.0426731078904992 0.10666666666666667
