0 0.5519323671497585 0.5253333333333333 0.036231884057971016 0.09066666666666667
0 0.3788244766505636 0.504 0.10547504025764895 0.13866666666666666
0 0.3715780998389694 0.5293333333333333 0.10386473429951691 0.10933333333333334
0 0.3321256038647343 0.5493333333333333 0.12962962962962962 0.13866666666666666
0 0.32085346215780997 0.5586666666666666 0.14251207729468598 0.16266666666666665
0 0.30193236714975846 0.5746666666666667 0.1497584541062802 0.17866666666666667
0 0.2584541062801932 0.5893333333333334 0.16908212560386474 0.21866666666666668
0 0.10869565217391304 0.6626666666666666 0.21739130434782608 0.344
0 0.08695652173913043 0.7506666666666667 0.17391304347826086 0.45066666666666666
0 0.535829307568438 0.48533333333333334 0.036231884057971016 0.10133333333333333
