0 0.4834943639291465 0.5306666666666666 0.04589371980676329 0.12266666666666666
0 0.12399355877616747 0.7306666666666667 0.24798711755233493 0.496
0 0.2971014492753623 0.5786666666666667 0.12721417069243157 0.19733333333333333
0 0.35950080515297905 0.536 0.09903381642512077 0.144
0 0.4138486312399356 0.5013333333333333 0.0644122383252818 0.09066666666666667
0 0.8337359098228664 0.7493333333333333 0.3309178743961353 0.496
0 0.5752818035426731 0.5253333333333333 0.05394524959742351 0.12266666666666666
0 0.534219001610306 0.47333333333333333 0.033011272141706925 0.10933333333333334
0 0.24154589371980675 0.5346666666666666 0.0821256038647343 0.13066666666666665
0 0.4919484702093398 0.5066666666666667 0.030595813204508857 0.09066666666666667
0 0.014895330112721417 0.5573333333333333 0.029790660225442835 0.14933333333333335
0 0.16143317230273752 0.52 0.08454106280193237 0.10666666666666667
