0 0.49798711755233493 0.5226666666666666 0.0426731078904992 0.112
0 0.1574074074074074 0.6693333333333333 0.16666666666666666 0.336
0 0.2363123993558776 0.6 0.1537842190016103 0.26666666666666666
0 0.3188405797101449 0.5506666666666666 0.0998389694041868 0.14133333333333334
0 0.42592592592592593 0.56 0.057971014492753624 0.13866666666666666
0 0.44363929146537845 0.5293333333333333 0.04669887278582931 0.12
0 0.38003220611916266 0.5013333333333333 0.07729468599033816 0.10133333333333333
0 0.6465378421900161 0.628 0.12721417069243157 0.28
0 0.5974235104669887 0.43733333333333335 0.10628019323671498 0.368
2 0.6727053140096618 0.54 0.023349436392914653 0.22133333333333333
0 0.5398550724637681 0.5 0.03140096618357488 0.08266666666666667
0 0.5205314009661836 0.444 0.03140096618357488 0.13066666666666665
0 0.4895330112721417 0.5053333333333333 0.027375201288244767 0.08266666666666667
0 0.17834138486312398 0.524 0.0748792270531401 0.10933333333333334
