2 0.529886914378029 0.5788770053475936 0.025848142164781908 0.2647058823529412
2 0.36187399030694667 0.5561497326203209 0.025848142164781908 0.1925133689839572
2 0.3412762520193861 0.5521390374331551 0.016962843295638127 0.17914438502673796
2 0.11429725363489499 0.8355614973262032 0.154281098546042 0.3235294117647059
2 0.6090468497576736 0.5294117647058824 0.01615508885298869 0.1711229946524064
2 0.5080775444264943 0.5347593582887701 0.0210016155088853 0.1711229946524064
2 0.5634087237479806 0.5815508021390374 0.025040387722132473 0.2540106951871658
2 0.5848142164781907 0.5374331550802139 0.022617124394184167 0.20320855614973263
2 0.6118739903069467 0.5213903743315508 0.02827140549273021 0.17647058823529413
0 0.44709208400646205 0.517379679144385 0.033117932148626815 0.08288770053475936
2 0.13449111470113084 0.6229946524064172 0.0395799676898223 0.29411764705882354
2 0.1773021001615509 0.7352941176470589 0.08319870759289176 0.33689839572192515
