0 0.47101449275362317 0.524 0.03864734299516908 0.104
0 0.0893719806763285 0.696 0.178743961352657 0.37866666666666665
0 0.3059581320450886 0.7293333333333333 0.18518518518518517 0.408
0 0.3812399355877617 0.6093333333333333 0.10064412238325282 0.24266666666666667
0 0.2946859903381642 0.5573333333333333 0.12077294685990338 0.176
0 0.3522544283413849 0.5146666666666667 0.08132045088566828 0.096
0 0.4138486312399356 0.48533333333333334 0.04669887278582931 0.07466666666666667
0 0.7439613526570048 0.47733333333333333 0.34782608695652173 0.9546666666666667
2 0.9810789049919485 0.708 0.036231884057971016 0.5786666666666667
0 0.5475040257648953 0.5426666666666666 0.0499194847020934 0.13066666666666665
0 0.5257648953301127 0.5186666666666667 0.033816425120772944 0.088
0 0.5132850241545893 0.45066666666666666 0.0426731078904992 0.176
0 0.17914653784219 0.5253333333333333 0.07648953301127215 0.10133333333333333
0 0.46497584541062803 0.504 0.026570048309178744 0.08
