0 0.9553140096618358 0.764 0.08776167471819646 0.4666666666666667
0 0.785426731078905 0.7346666666666667 0.29871175523349436 0.5253333333333333
0 0.1324476650563607 0.7653333333333333 0.2648953301127214 0.464
0 0.28180354267310787 0.6333333333333333 0.13365539452495975 0.30666666666666664
0 0.6082930756843801 0.5866666666666667 0.09259259259259259 0.224
0 0.3534621578099839 0.5826666666666667 0.07890499194847021 0.2
0 0.5772946859903382 0.5453333333333333 0.06763285024154589 0.14666666666666667
0 0.5527375201288245 0.484 0.061996779388083734 0.21066666666666667
0 0.5140901771336553 0.5066666666666667 0.021739130434782608 0.058666666666666666
0 0.42673107890499196 0.516 0.02254428341384863 0.050666666666666665
0 0.500402576489533 0.5013333333333333 0.026570048309178744 0.058666666666666666
0 0.4786634460547504 0.504 0.020128824476650563 0.042666666666666665
