0 0.06280193236714976 0.6853333333333333 0.12560386473429952 0.624
0 0.8917069243156199 0.6866666666666666 0.21497584541062803 0.37066666666666664
0 0.5692431561996779 0.576 0.06280193236714976 0.144
0 0.11553945249597423 0.6746666666666666 0.23107890499194847 0.32
0 0.1678743961352657 0.636 0.21014492753623187 0.25333333333333335
0 0.27334943639291465 0.5933333333333334 0.15539452495974235 0.17333333333333334
0 0.3103864734299517 0.5773333333333334 0.11352657004830918 0.136
0 0.535024154589372 0.544 0.0426731078904992 0.096
0 0.3864734299516908 0.544 0.07407407407407407 0.08533333333333333
0 0.3884863123993559 0.5173333333333333 0.050724637681159424 0.08533333333333333
