0 0.714975845410628 0.5346666666666666 0.21256038647342995 0.248
0 0.9323671497584541 0.448 0.10789049919484701 0.10666666666666667
0 0.9013687600644122 0.452 0.10225442834138486 0.09866666666666667
0 0.8743961352657005 0.448 0.10144927536231885 0.096
0 0.3603059581320451 0.5493333333333333 0.05555555555555555 0.13866666666666666
0 0.4303542673107891 0.5306666666666666 0.04428341384863124 0.112
0 0.6638486312399355 0.4653333333333333 0.09259259259259259 0.11466666666666667
0 0.750402576489533 0.45066666666666666 0.04508856682769726 0.08533333333333333
0 0.8365539452495975 0.43333333333333335 0.05314009661835749 0.09866666666666667
0 0.7814009661835749 0.4493333333333333 0.050724637681159424 0.07733333333333334
0 0.3828502415458937 0.536 0.04750402576489533 0.10666666666666667
0 0.532608695652174 0.5 0.03140096618357488 0.072
0 0.4895330112721417 0.504 0.02254428341384863 0.058666666666666666
