0 0.4963768115942029 0.524 0.03462157809983897 0.10933333333333334
0 0.06843800322061191 0.6266666666666667 0.13687600644122383 0.26666666666666666
0 0.7669082125603864 0.636 0.1859903381642512 0.38133333333333336
0 0.7053140096618358 0.588 0.15780998389694043 0.25866666666666666
0 0.6380837359098228 0.5666666666666667 0.12318840579710146 0.18933333333333333
0 0.6095008051529791 0.54 0.10305958132045089 0.17333333333333334
0 0.5994363929146538 0.5306666666666666 0.09420289855072464 0.13333333333333333
0 0.5841384863123994 0.52 0.08293075684380032 0.12266666666666666
0 0.4307568438003221 0.5013333333333333 0.017713365539452495 0.042666666666666665
0 0.5394524959742351 0.492 0.043478260869565216 0.056
0 0.5309983896940419 0.4826666666666667 0.03784219001610306 0.058666666666666666
0 0.40418679549114334 0.49333333333333335 0.01932367149758454 0.048
