2 0.8101777059773829 0.6951871657754011 0.18093699515347333 0.6042780748663101
2 0.3525848142164782 0.5628342245989305 0.034733441033925685 0.28609625668449196
2 0.752827140549273 0.7165775401069518 0.061389337641357025 0.5614973262032086
2 0.6252019386106623 0.68048128342246 0.048465266558966075 0.5
2 0.4769789983844911 0.6390374331550802 0.05411954765751212 0.40641711229946526
2 0.657108239095315 0.6122994652406417 0.07996768982229402 0.39572192513368987
2 0.5525040387722132 0.5868983957219251 0.03877221324717286 0.3235294117647059
2 0.6336833602584814 0.6778074866310161 0.05735056542810985 0.4304812834224599
2 0.5904684975767367 0.56951871657754 0.03715670436187399 0.2994652406417112
2 0.6155088852988692 0.6136363636363636 0.06785137318255251 0.3663101604278075
0 0.4281098546042003 0.5414438502673797 0.06623586429725363 0.16844919786096257
