0 0.5318035426731079 0.6693333333333333 0.13446054750402575 0.42133333333333334
0 0.9017713365539453 0.7226666666666667 0.19484702093397746 0.5493333333333333
0 0.6187600644122383 0.5186666666666667 0.09420289855072464 0.14133333333333334
0 0.5793075684380032 0.5026666666666667 0.0571658615136876 0.09333333333333334
0 0.5615942028985508 0.49333333333333335 0.05233494363929147 0.06933333333333333
0 0.01892109500805153 0.6346666666666667 0.03784219001610306 0.272
0 0.4778582930756844 0.4786666666666667 0.018518518518518517 0.04
0 0.1388888888888889 0.6013333333333334 0.13446054750402575 0.17866666666666667
0 0.32004830917874394 0.5253333333333333 0.05555555555555555 0.09066666666666667
0 0.34782608695652173 0.5053333333333333 0.03864734299516908 0.09333333333333334
0 0.38808373590982287 0.496 0.033816425120772944 0.064
0 0.42995169082125606 0.48933333333333334 0.030595813204508857 0.04533333333333334
0 0.23027375201288244 0.5186666666666667 0.05958132045088567 0.09333333333333334
0 0.22061191626409019 0.5066666666666667 0.06280193236714976 0.06933333333333333
