0 0.15982286634460546 0.7773333333333333 0.3196457326892109 0.44
0 0.32085346215780997 0.692 0.16988727858293076 0.36
0 0.7105475040257649 0.6706666666666666 0.15539452495974235 0.408
0 0.4082125603864734 0.556 0.06280193236714976 0.17866666666666667
0 0.4243156199677939 0.544 0.0644122383252818 0.128
0 0.5366344605475041 0.468 0.05394524959742351 0.06133333333333333
0 0.6851851851851852 0.5946666666666667 0.09822866344605476 0.24533333333333332
0 0.7270531400966184 0.5373333333333333 0.09500805152979067 0.19466666666666665
0 0.6529790660225443 0.49733333333333335 0.10144927536231885 0.12533333333333332
0 0.9239130434782609 0.5053333333333333 0.107085346215781 0.14666666666666667
0 0.8409822866344605 0.48133333333333334 0.08454106280193237 0.09333333333333334
