1 0.30998389694041867 0.6506666666666666 0.057971014492753624 0.32
0 0.8776167471819646 0.7506666666666667 0.2431561996779388 0.49333333333333335
0 0.855877616747182 0.6333333333333333 0.286634460547504 0.424
0 0.23470209339774556 0.58 0.18115942028985507 0.18933333333333333
0 0.28140096618357485 0.568 0.14251207729468598 0.16
0 0.3148148148148148 0.5413333333333333 0.08856682769726248 0.128
0 0.5410628019323671 0.5453333333333333 0.05636070853462158 0.136
0 0.3647342995169082 0.5173333333333333 0.07085346215780998 0.09066666666666667
0 0.5132850241545893 0.5026666666666667 0.02818035426731079 0.07733333333333334
0 0.49074074074074076 0.46266666666666667 0.013687600644122383 0.056
