0 0.7322866344605475 0.6973333333333334 0.26006441223832527 0.5946666666666667
0 0.04790660225442834 0.752 0.09581320450885668 0.49066666666666664
0 0.09259259259259259 0.7306666666666667 0.18518518518518517 0.44266666666666665
0 0.11996779388083736 0.6333333333333333 0.23993558776167473 0.31733333333333336
0 0.23309178743961353 0.5533333333333333 0.21175523349436393 0.28
0 0.19122383252818034 0.5973333333333334 0.1956521739130435 0.2826666666666667
0 0.6252012882447665 0.5933333333333334 0.11191626409017713 0.24266666666666667
0 0.26006441223832527 0.5413333333333333 0.14492753623188406 0.22933333333333333
0 0.2999194847020934 0.56 0.1247987117552335 0.17066666666666666
0 0.30958132045088566 0.5346666666666666 0.13123993558776167 0.16266666666666665
0 0.3603059581320451 0.5 0.0893719806763285 0.10933333333333334
0 0.3812399355877617 0.488 0.071658615136876 0.112
0 0.5430756843800322 0.5093333333333333 0.03784219001610306 0.096
0 0.5845410628019324 0.552 0.07085346215780998 0.176
0 0.5281803542673108 0.4826666666666667 0.027375201288244767 0.08
