0 0.5120772946859904 0.5773333333333334 0.057971014492753624 0.184
0 0.6739130434782609 0.576 0.13365539452495975 0.224
0 0.5998389694041868 0.54 0.07246376811594203 0.12
0 0.572061191626409 0.5293333333333333 0.06360708534621579 0.088
0 0.29790660225442833 0.5866666666666667 0.08695652173913043 0.16533333333333333
0 0.4114331723027375 0.532 0.03542673107890499 0.088
0 0.4528985507246377 0.5146666666666667 0.0249597423510467 0.058666666666666666
0 0.26247987117552335 0.572 0.08051529790660225 0.12533333333333332
0 0.30636070853462155 0.5426666666666666 0.05233494363929147 0.11466666666666667
0 0.3611111111111111 0.5293333333333333 0.039452495974235106 0.07733333333333334
0 0.41586151368760066 0.52 0.036231884057971016 0.05333333333333334
0 0.14210950080515297 0.5626666666666666 0.0861513687600644 0.128
0 0.143317230273752 0.5386666666666666 0.0853462157809984 0.09066666666666667
