2 0.7419484702093397 0.536 0.03784219001610306 0.304
1 0.25523349436392917 0.7 0.0853462157809984 0.45066666666666666
1 0.3498389694041868 0.5733333333333334 0.036231884057971016 0.24533333333333332
0 0.6376811594202898 0.608 0.12399355877616747 0.304
0 0.5817230273752013 0.5453333333333333 0.07809983896940419 0.22666666666666666
0 0.5587761674718197 0.5213333333333333 0.057971014492753624 0.17866666666666667
0 0.5450885668276972 0.512 0.040257648953301126 0.12266666666666666
2 0.5076489533011272 0.476 0.007246376811594203 0.088
2 0.5124798711755234 0.47733333333333333 0.008856682769726247 0.08533333333333333
0 0.4367954911433172 0.48 0.020128824476650563 0.06933333333333333
2 0.47383252818035426 0.4746666666666667 0.005636070853462158 0.058666666666666666
0 0.38768115942028986 0.5186666666666667 0.039452495974235106 0.09866666666666667
0 0.12278582930756844 0.764 0.24557165861513688 0.4666666666666667
0 0.25684380032206117 0.6293333333333333 0.13365539452495975 0.2613333333333333
0 0.35628019323671495 0.5373333333333333 0.06038647342995169 0.14666666666666667
