1 0.039624183006535946 0.5067567567567568 0.018790849673202614 0.10540540540540541
2 0.2757352941176471 0.6148648648648649 0.03676470588235294 0.34864864864864864
2 0.22916666666666666 0.6067567567567568 0.04656862745098039 0.4027027027027027
2 0.36968954248366015 0.6432432432432432 0.05800653594771242 0.44324324324324327
1 0.8982843137254902 0.5918918918918918 0.061274509803921566 0.2864864864864865
2 0.6303104575163399 0.5013513513513513 0.010620915032679739 0.11081081081081082
2 0.6433823529411765 0.5067567567567568 0.008986928104575163 0.0945945945945946
1 0.8488562091503268 0.518918918918919 0.04084967320261438 0.11891891891891893
2 0.9693627450980392 0.5067567567567568 0.013888888888888888 0.12162162162162163
2 0.9922385620915033 0.5216216216216216 0.013888888888888888 0.12432432432432433
