0 0.6099033816425121 0.6066666666666667 0.10064412238325282 0.216
0 0.13365539452495975 0.6586666666666666 0.2673107890499195 0.2986666666666667
0 0.1996779388083736 0.6226666666666667 0.1964573268921095 0.248
0 0.22946859903381642 0.6026666666666667 0.1723027375201288 0.19733333333333333
0 0.2721417069243156 0.5853333333333334 0.14170692431561996 0.17866666666666667
0 0.5495169082125604 0.5506666666666666 0.05555555555555555 0.12533333333333332
0 0.36272141706924316 0.544 0.09420289855072464 0.10666666666666667
0 0.53341384863124 0.5253333333333333 0.03462157809983897 0.08
0 0.3679549114331723 0.516 0.06280193236714976 0.104
0 0.5161030595813204 0.49866666666666665 0.020933977455716585 0.064
