2 0.5294117647058824 0.4689189189189189 0.0196078431372549 0.15405405405405406
2 0.21650326797385622 0.5378378378378378 0.03594771241830065 0.32432432432432434
2 0.5 0.4702702702702703 0.024509803921568627 0.1891891891891892
2 0.8120915032679739 0.6527027027027027 0.29248366013071897 0.6891891891891891
2 0.7066993464052288 0.7283783783783784 0.17483660130718953 0.5378378378378378
2 0.735702614379085 0.668918918918919 0.1642156862745098 0.6567567567567567
2 0.8104575163398693 0.754054054054054 0.14869281045751634 0.4864864864864865
2 0.8492647058823529 0.6959459459459459 0.16911764705882354 0.6027027027027027
2 0.9325980392156863 0.7162162162162162 0.13316993464052287 0.5621621621621622
2 0.43913398692810457 0.7189189189189189 0.07598039215686274 0.5567567567567567
2 0.4889705882352941 0.6094594594594595 0.049836601307189546 0.45135135135135135
2 0.5861928104575164 0.6189189189189189 0.04656862745098039 0.41081081081081083
2 0.6270424836601307 0.5932432432432433 0.04820261437908497 0.44054054054054054
2 0.6883169934640523 0.5702702702702702 0.06944444444444445 0.41081081081081083
0 0.1090686274509804 0.49864864864864866 0.2181372549019608 0.9972972972972973
