0 0.22705314009661837 0.7586666666666667 0.2608695652173913 0.47733333333333333
0 0.3715780998389694 0.536 0.11191626409017713 0.352
0 0.8329307568438004 0.6906666666666667 0.3325281803542673 0.6133333333333333
0 0.715780998389694 0.584 0.26570048309178745 0.29333333333333333
0 0.15942028985507245 0.716 0.19806763285024154 0.36533333333333334
0 0.5901771336553945 0.5253333333333333 0.1320450885668277 0.18133333333333335
0 0.428743961352657 0.512 0.0571658615136876 0.16533333333333333
0 0.5261674718196457 0.5093333333333333 0.029790660225442835 0.08533333333333333
0 0.5144927536231884 0.504 0.027375201288244767 0.08533333333333333
2 0.46578099838969406 0.48 0.007246376811594203 0.05333333333333334
2 0.4690016103059581 0.4786666666666667 0.005636070853462158 0.050666666666666665
