0 0.8993558776167472 0.7573333333333333 0.1996779388083736 0.48
0 0.3695652173913043 0.5906666666666667 0.12238325281803543 0.36
2 0.9214975845410628 0.7626666666666667 0.15539452495974235 0.4693333333333333
0 0.6413043478260869 0.5973333333333334 0.10064412238325282 0.19733333333333333
0 0.750402576489533 0.6906666666666667 0.1964573268921095 0.37866666666666665
0 0.4601449275362319 0.5066666666666667 0.029790660225442835 0.09066666666666667
0 0.4134460547504026 0.5586666666666666 0.06843800322061191 0.184
0 0.6167471819645732 0.5586666666666666 0.06280193236714976 0.152
0 0.5897745571658615 0.5293333333333333 0.04750402576489533 0.10933333333333334
0 0.572463768115942 0.5186666666666667 0.03864734299516908 0.09333333333333334
