0 0.14935587761674718 0.7626666666666667 0.29871175523349436 0.4693333333333333
2 0.6867954911433173 0.528 0.024154589371980676 0.224
0 0.6992753623188406 0.6333333333333333 0.13768115942028986 0.296
0 0.6392914653784219 0.58 0.08373590982286634 0.18933333333333333
0 0.3828502415458937 0.5773333333333334 0.08454106280193237 0.18933333333333333
0 0.4170692431561997 0.552 0.05475040257648953 0.13333333333333333
0 0.6022544283413849 0.5453333333333333 0.057971014492753624 0.136
0 0.44122383252818037 0.532 0.04186795491143317 0.12
0 0.4774557165861514 0.516 0.040257648953301126 0.088
0 0.5877616747181964 0.528 0.03542673107890499 0.10666666666666667
0 0.5487117552334944 0.5013333333333333 0.04106280193236715 0.064
