0 0.18317230273752014 0.7466666666666667 0.3663446054750403 0.5013333333333333
0 0.9706119162640902 0.7986666666666666 0.0571658615136876 0.3973333333333333
0 0.8365539452495975 0.736 0.3252818035426731 0.5226666666666666
0 0.9899355877616747 0.47733333333333333 0.018518518518518517 0.24533333333333332
0 0.9339774557165862 0.5133333333333333 0.13043478260869565 0.32266666666666666
0 0.855877616747182 0.49466666666666664 0.2028985507246377 0.30666666666666664
0 0.3413848631239936 0.596 0.10144927536231885 0.232
0 0.38727858293075684 0.5573333333333333 0.07729468599033816 0.16533333333333333
0 0.7789855072463768 0.496 0.08454106280193237 0.14933333333333335
0 0.716183574879227 0.5 0.07809983896940419 0.12533333333333332
0 0.6851851851851852 0.492 0.06602254428341385 0.11466666666666667
0 0.6723027375201288 0.49733333333333335 0.06763285024154589 0.104
0 0.5700483091787439 0.5306666666666666 0.0499194847020934 0.128
0 0.4355877616747182 0.5146666666666667 0.04508856682769726 0.10666666666666667
0 0.4492753623188406 0.496 0.03864734299516908 0.112
0 0.6103059581320451 0.472 0.05152979066022544 0.07466666666666667
0 0.5229468599033816 0.44666666666666666 0.03784219001610306 0.13066666666666665
