0 0.17834138486312398 0.7373333333333333 0.24235104669887278 0.456
0 0.8675523349436393 0.448 0.20048309178743962 0.22933333333333333
0 0.9508856682769726 0.4266666666666667 0.0966183574879227 0.144
0 0.37037037037037035 0.564 0.06924315619967794 0.14666666666666667
0 0.31561996779388085 0.6013333333333334 0.11755233494363929 0.232
0 0.5942028985507246 0.5093333333333333 0.05314009661835749 0.11733333333333333
0 0.40096618357487923 0.5386666666666666 0.04830917874396135 0.11733333333333333
0 0.42310789049919484 0.5306666666666666 0.033011272141706925 0.08533333333333333
0 0.5233494363929146 0.5093333333333333 0.0322061191626409 0.08533333333333333
0 0.6042673107890499 0.5066666666666667 0.08454106280193237 0.096
0 0.5571658615136876 0.49866666666666665 0.03864734299516908 0.06933333333333333
0 0.5366344605475041 0.4666666666666667 0.036231884057971016 0.042666666666666665
0 0.45128824476650564 0.4693333333333333 0.036231884057971016 0.037333333333333336
