2 0.9648626817447497 0.6029411764705882 0.06865912762520193 0.7887700534759359
2 0.18497576736672053 0.8141711229946524 0.14539579967689822 0.3663101604278075
2 0.3897415185783522 0.6363636363636364 0.034733441033925685 0.4385026737967914
2 0.3481421647819063 0.6577540106951871 0.05331179321486268 0.44385026737967914
2 0.524232633279483 0.5280748663101604 0.024232633279483037 0.22192513368983957
2 0.5137318255250404 0.4946524064171123 0.024232633279483037 0.15508021390374332
2 0.561389337641357 0.5320855614973262 0.017770597738287562 0.21390374331550802
2 0.5965266558966075 0.49866310160427807 0.018578352180936994 0.17914438502673796
2 0.6046042003231018 0.4852941176470588 0.012116316639741519 0.15775401069518716
0 0.46890145395799676 0.48262032085561496 0.02827140549273021 0.07219251336898395
2 0.324313408723748 0.5481283422459893 0.02665589660743134 0.2192513368983957
2 0.5823909531502424 0.5213903743315508 0.01938610662358643 0.18181818181818182
