0 0.7222222222222222 0.696 0.22383252818035426 0.4533333333333333
0 0.22584541062801933 0.644 0.15056360708534622 0.2853333333333333
0 0.9066022544283414 0.5133333333333333 0.18518518518518517 0.32266666666666666
0 0.35507246376811596 0.5546666666666666 0.061191626409017714 0.13333333333333333
0 0.38164251207729466 0.5373333333333333 0.04508856682769726 0.09866666666666667
0 0.3977455716586151 0.528 0.03542673107890499 0.08533333333333333
0 0.8731884057971014 0.44133333333333336 0.09098228663446055 0.088
0 0.8446054750402576 0.43866666666666665 0.0853462157809984 0.088
0 0.8313204508856683 0.44133333333333336 0.0861513687600644 0.07733333333333334
0 0.8164251207729468 0.43333333333333335 0.07890499194847021 0.072
