0 0.9086151368760065 0.7333333333333333 0.18115942028985507 0.528
0 0.14251207729468598 0.7333333333333333 0.2785829307568438 0.528
0 0.6723027375201288 0.6466666666666666 0.15942028985507245 0.34933333333333333
0 0.29871175523349436 0.644 0.12399355877616747 0.2906666666666667
0 0.604669887278583 0.588 0.09339774557165861 0.2
0 0.5644122383252818 0.496 0.07568438003220612 0.256
0 0.5450885668276972 0.528 0.037037037037037035 0.11733333333333333
0 0.5398550724637681 0.528 0.036231884057971016 0.096
0 0.5169082125603864 0.5266666666666666 0.024154589371980676 0.06666666666666667
0 0.4194847020933977 0.536 0.024154589371980676 0.058666666666666666
0 0.500805152979066 0.52 0.028985507246376812 0.064
0 0.4786634460547504 0.5213333333333333 0.021739130434782608 0.04533333333333334
