0 0.467365028203062 0.5186170212765957 0.032232070910556 0.09574468085106383
0 0.10193392425463337 0.7486702127659575 0.20386784850926673 0.4973404255319149
0 0.2618855761482675 0.6715425531914894 0.15471394037066882 0.31648936170212766
0 0.08138597904915391 0.6728723404255319 0.16277195809830783 0.32978723404255317
0 0.033037872683319904 0.5970744680851063 0.06607574536663981 0.18882978723404256
0 0.19137792103142626 0.5837765957446809 0.11200644641418211 0.18351063829787234
0 0.2997582594681708 0.5039893617021277 0.0854149879129734 0.22074468085106383
0 0.16841257050765512 0.5585106382978723 0.09347300564061241 0.13297872340425532
0 0.3340048348106366 0.5279255319148937 0.0443190975020145 0.09308510638297872
0 0.4331184528605963 0.4574468085106383 0.0265914585012087 0.1276595744680851
0 0.2510072522159549 0.526595744680851 0.053988718775181306 0.09574468085106383
