0 0.7334943639291466 0.54 0.23510466988727857 0.27466666666666667
0 0.9480676328502415 0.444 0.10225442834138486 0.10933333333333334
0 0.9202898550724637 0.4493333333333333 0.10789049919484701 0.104
0 0.8876811594202898 0.448 0.10547504025764895 0.10133333333333333
0 0.3522544283413849 0.5573333333333333 0.06038647342995169 0.14933333333333335
0 0.42391304347826086 0.5373333333333333 0.04911433172302738 0.12533333333333332
0 0.6698872785829307 0.46266666666666667 0.0966183574879227 0.12
0 0.7580515297906603 0.4493333333333333 0.04750402576489533 0.088
0 0.8450080515297906 0.43066666666666664 0.05555555555555555 0.104
0 0.7894524959742351 0.45066666666666666 0.05233494363929147 0.08
0 0.37640901771336555 0.544 0.05233494363929147 0.112
0 0.532608695652174 0.5026666666666667 0.033011272141706925 0.07733333333333334
0 0.4883252818035427 0.5053333333333333 0.023349436392914653 0.06133333333333333
