0 0.4887278582930757 0.5413333333333333 0.04508856682769726 0.12266666666666666
0 0.07930756843800323 0.7413333333333333 0.15861513687600645 0.512
0 0.1960547504025765 0.6613333333333333 0.2214170692431562 0.496
0 0.31843800322061194 0.5853333333333334 0.1360708534621578 0.2
0 0.33776167471819646 0.5533333333333333 0.11674718196457327 0.168
0 0.37681159420289856 0.5253333333333333 0.07729468599033816 0.10666666666666667
0 0.4029790660225443 0.5133333333333333 0.06521739130434782 0.09333333333333334
0 0.6827697262479872 0.5573333333333333 0.1996779388083736 0.5013333333333333
0 0.6111111111111112 0.576 0.0821256038647343 0.176
0 0.5479066022544283 0.5186666666666667 0.033011272141706925 0.07733333333333334
0 0.5261674718196457 0.48133333333333334 0.0249597423510467 0.088
0 0.4887278582930757 0.504 0.028985507246376812 0.08533333333333333
0 0.020933977455716585 0.556 0.04186795491143317 0.17333333333333334
0 0.1642512077294686 0.5293333333333333 0.14814814814814814 0.296
0 0.09219001610305957 0.5253333333333333 0.11030595813204509 0.16
