2 0.8218901453957996 0.6590909090909091 0.09612277867528271 0.6764705882352942
2 0.8655088852988692 0.5922459893048129 0.07027463651050081 0.6176470588235294
2 0.09168012924071083 0.8475935828877005 0.154281098546042 0.2994652406417112
2 0.29806138933764137 0.7032085561497327 0.0791599353796446 0.2887700534759358
2 0.15064620355411953 0.8368983957219251 0.14620355411954766 0.32085561497326204
2 0.42205169628432954 0.5601604278074866 0.025040387722132473 0.25935828877005346
2 0.3982229402261712 0.5614973262032086 0.029079159935379646 0.24598930481283424
2 0.48707592891760904 0.5254010695187166 0.022617124394184167 0.19518716577540107
2 0.5012116316639742 0.49732620320855614 0.013731825525040387 0.1443850267379679
2 0.5278675282714055 0.5254010695187166 0.020193861066235864 0.18983957219251338
2 0.5836025848142165 0.4959893048128342 0.015347334410339256 0.16310160427807488
0 0.4575928917609047 0.4799465240641711 0.025040387722132473 0.06684491978609626
2 0.3937802907915994 0.5280748663101604 0.015347334410339256 0.18983957219251338
2 0.5549273021001615 0.517379679144385 0.014539579967689823 0.16844919786096257
