0 0.5116747181964574 0.572 0.06521739130434782 0.17866666666666667
0 0.24235104669887278 0.5333333333333333 0.07407407407407407 0.12266666666666666
1 0.7057165861513688 0.5573333333333333 0.07648953301127215 0.18666666666666668
0 0.5668276972624798 0.5013333333333333 0.05152979066022544 0.17066666666666666
2 0.39814814814814814 0.5386666666666666 0.016908212560386472 0.18666666666666668
0 0.32286634460547503 0.49733333333333335 0.04186795491143317 0.088
0 0.3896940418679549 0.5186666666666667 0.07407407407407407 0.11466666666666667
0 0.4106280193236715 0.5186666666666667 0.06924315619967794 0.08266666666666667
0 0.427536231884058 0.5026666666666667 0.05152979066022544 0.072
0 0.44484702093397743 0.48933333333333334 0.03784219001610306 0.050666666666666665
0 0.48470209339774556 0.528 0.03542673107890499 0.10666666666666667
0 0.3055555555555556 0.488 0.04106280193236715 0.064
