0 0.08494363929146538 0.732 0.16988727858293076 0.5306666666666666
0 0.8446054750402576 0.684 0.30917874396135264 0.6266666666666667
0 0.45893719806763283 0.576 0.11272141706924316 0.22933333333333333
0 0.7246376811594203 0.6666666666666666 0.14814814814814814 0.37866666666666665
0 0.6968599033816425 0.5746666666666667 0.09742351046698873 0.25333333333333335
0 0.9541062801932367 0.4653333333333333 0.09017713365539452 0.18933333333333333
0 0.8981481481481481 0.456 0.12962962962962962 0.208
0 0.8091787439613527 0.4746666666666667 0.10950080515297907 0.18666666666666668
0 0.5104669887278583 0.504 0.04830917874396135 0.10666666666666667
0 0.642914653784219 0.48933333333333334 0.03462157809983897 0.09333333333333334
0 0.5418679549114331 0.4826666666666667 0.033816425120772944 0.08
0 0.6163446054750402 0.428 0.036231884057971016 0.11466666666666667
