0 0.7306763285024155 0.736 0.22624798711755234 0.5226666666666666
0 0.08091787439613526 0.7506666666666667 0.16183574879227053 0.49333333333333335
0 0.12278582930756844 0.664 0.24557165861513688 0.37866666666666665
0 0.143317230273752 0.608 0.22061191626409019 0.35733333333333334
0 0.2028985507246377 0.5973333333333334 0.1706924315619968 0.21333333333333335
0 0.28703703703703703 0.58 0.14090177133655393 0.17866666666666667
0 0.3188405797101449 0.5653333333333334 0.12560386473429952 0.16533333333333333
0 0.3272946859903382 0.5506666666666666 0.09742351046698873 0.15733333333333333
0 0.3393719806763285 0.5333333333333333 0.11674718196457327 0.144
0 0.3643317230273752 0.5253333333333333 0.08132045088566828 0.10666666666666667
0 0.3888888888888889 0.5026666666666667 0.07085346215780998 0.10933333333333334
1 0.464573268921095 0.49733333333333335 0.00644122383252818 0.056
0 0.5688405797101449 0.5573333333333333 0.05233494363929147 0.13866666666666666
0 0.6308373590982287 0.52 0.09420289855072464 0.128
0 0.5776972624798712 0.5026666666666667 0.0571658615136876 0.08266666666666667
0 0.5189210950080515 0.504 0.020128824476650563 0.05333333333333334
