0 0.8393719806763285 0.744 0.3196457326892109 0.5066666666666667
0 0.015297906602254429 0.5906666666666667 0.030595813204508857 0.17333333333333334
0 0.7294685990338164 0.5786666666666667 0.12399355877616747 0.368
0 0.47665056360708535 0.496 0.03864734299516908 0.13333333333333333
0 0.749194847020934 0.45066666666666666 0.17149758454106281 0.21333333333333335
0 0.3421900161030596 0.5226666666666666 0.05152979066022544 0.10133333333333333
0 0.2809983896940419 0.5053333333333333 0.06280193236714976 0.14133333333333334
0 0.4178743961352657 0.488 0.028985507246376812 0.08
0 0.5966183574879227 0.49466666666666664 0.05314009661835749 0.09866666666666667
0 0.5261674718196457 0.44266666666666665 0.026570048309178744 0.096
0 0.6352657004830918 0.49466666666666664 0.05475040257648953 0.104
0 0.9396135265700483 0.42933333333333334 0.11916264090177134 0.16533333333333333
0 0.4923510466988728 0.428 0.026570048309178744 0.13066666666666665
0 0.17351046698872785 0.5306666666666666 0.07809983896940419 0.10666666666666667
0 0.0861513687600644 0.5373333333333333 0.07085346215780998 0.09866666666666667
