2 0.7544283413848631 0.6506666666666666 0.06280193236714976 0.5813333333333334
2 0.03462157809983897 0.6253333333333333 0.06924315619967794 0.34933333333333333
2 0.08172302737520129 0.6306666666666667 0.05233494363929147 0.4026666666666667
2 0.7729468599033816 0.6493333333333333 0.0853462157809984 0.27466666666666667
1 0.34017713365539454 0.5373333333333333 0.03462157809983897 0.20533333333333334
0 0.4363929146537842 0.484 0.06280193236714976 0.16266666666666665
2 0.13687600644122383 0.5746666666666667 0.04186795491143317 0.15733333333333333
2 0.16183574879227053 0.5666666666666667 0.04830917874396135 0.14666666666666667
2 0.16304347826086957 0.556 0.018518518518518517 0.19466666666666665
2 0.7548309178743962 0.616 0.05394524959742351 0.448
2 0.6948470209339774 0.652 0.033816425120772944 0.248
2 0.7125603864734299 0.6506666666666666 0.037037037037037035 0.25066666666666665
1 0.500805152979066 0.5093333333333333 0.033816425120772944 0.11733333333333333
0 0.3743961352657005 0.5013333333333333 0.05636070853462158 0.064
