0 0.5161030595813204 0.5866666666666667 0.0644122383252818 0.20266666666666666
0 0.6509661835748792 0.5613333333333334 0.11674718196457327 0.18933333333333333
0 0.5921900161030595 0.536 0.06682769726247988 0.112
0 0.5688405797101449 0.5253333333333333 0.05877616747181964 0.08
0 0.05112721417069243 0.672 0.10225442834138486 0.24533333333333332
0 0.3667471819645733 0.5493333333333333 0.05233494363929147 0.10666666666666667
0 0.4363929146537842 0.52 0.028985507246376812 0.06933333333333333
0 0.46980676328502413 0.5053333333333333 0.020128824476650563 0.050666666666666665
0 0.28502415458937197 0.5653333333333334 0.06924315619967794 0.112
0 0.322463768115942 0.5386666666666666 0.04750402576489533 0.10666666666666667
0 0.3711755233494364 0.524 0.037037037037037035 0.072
0 0.4210950080515298 0.5186666666666667 0.033816425120772944 0.050666666666666665
0 0.17834138486312398 0.556 0.0748792270531401 0.11466666666666667
0 0.1723027375201288 0.5373333333333333 0.07729468599033816 0.08266666666666667
