0 0.35185185185185186 0.512 0.030595813204508857 0.10666666666666667
1 0.4388083735909823 0.6053333333333333 0.04830917874396135 0.26666666666666666
0 0.6578099838969405 0.676 0.13526570048309178 0.38666666666666666
0 0.5394524959742351 0.6186666666666667 0.11916264090177134 0.24533333333333332
0 0.18276972624798712 0.652 0.11916264090177134 0.24266666666666667
0 0.2250402576489533 0.6 0.07648953301127215 0.19733333333333333
0 0.4677938808373591 0.5693333333333334 0.06924315619967794 0.168
0 0.4428341384863124 0.5493333333333333 0.057971014492753624 0.128
0 0.24879227053140096 0.5706666666666667 0.0499194847020934 0.128
0 0.41505636070853463 0.548 0.039452495974235106 0.09333333333333334
