0 0.4685737308622079 0.535904255319149 0.0427074939564867 0.13031914893617022
0 0.08984689766317486 0.7340425531914894 0.17969379532634971 0.526595744680851
0 0.19339242546333602 0.5837765957446809 0.13376309427880742 0.23138297872340424
0 0.3775181305398872 0.5704787234042553 0.08138597904915391 0.19946808510638298
0 0.31184528605962936 0.5398936170212766 0.05801772763900081 0.11170212765957446
0 0.4101531023368251 0.5279255319148937 0.040290088638195005 0.09840425531914894
0 0.4315068493150685 0.5132978723404256 0.0265914585012087 0.06382978723404255
0 0.443593875906527 0.4800531914893617 0.016921837228041903 0.07180851063829788
0 0.2800161160354553 0.5226063829787234 0.04915390813859791 0.08776595744680851
0 0.0136986301369863 0.6090425531914894 0.0273972602739726 0.20212765957446807
