0 0.0499194847020934 0.8 0.0998389694041868 0.39466666666666667
0 0.2608695652173913 0.768 0.21739130434782608 0.45866666666666667
0 0.35990338164251207 0.6426666666666667 0.12077294685990338 0.26666666666666666
0 0.6521739130434783 0.62 0.10144927536231885 0.2906666666666667
0 0.9750402576489533 0.6573333333333333 0.04830917874396135 0.5306666666666666
0 0.4170692431561997 0.5573333333333333 0.05314009661835749 0.15466666666666667
0 0.42914653784219003 0.5466666666666666 0.05636070853462158 0.112
0 0.46819645732689213 0.47733333333333333 0.05233494363929147 0.058666666666666666
0 0.6497584541062802 0.572 0.08373590982286634 0.19466666666666665
0 0.6892109500805152 0.5346666666666666 0.08373590982286634 0.16266666666666665
0 0.6360708534621579 0.496 0.09017713365539452 0.112
0 0.8707729468599034 0.5013333333333333 0.09259259259259259 0.128
0 0.8075684380032206 0.48133333333333334 0.07568438003220612 0.08266666666666667
