0 0.08051529790660225 0.812 0.1610305958132045 0.37066666666666664
0 0.5551529790660226 0.5453333333333333 0.050724637681159424 0.13066666666666665
0 0.24154589371980675 0.716 0.18840579710144928 0.37066666666666664
0 0.7592592592592593 0.5306666666666666 0.17713365539452497 0.17066666666666666
0 0.7190016103059581 0.49333333333333335 0.14009661835748793 0.18666666666666668
0 0.36272141706924316 0.5466666666666666 0.04911433172302738 0.11733333333333333
0 0.285829307568438 0.6026666666666667 0.09017713365539452 0.176
0 0.6618357487922706 0.5013333333333333 0.10305958132045089 0.12266666666666666
0 0.3969404186795491 0.5306666666666666 0.0322061191626409 0.08
0 0.9492753623188406 0.43866666666666665 0.0998389694041868 0.152
