0 0.8341384863123994 0.7613333333333333 0.33011272141706927 0.472
0 0.6131239935587761 0.588 0.09903381642512077 0.264
0 0.1932367149758454 0.6026666666666667 0.23349436392914655 0.26666666666666666
0 0.250805152979066 0.5733333333333334 0.17310789049919484 0.224
0 0.2612721417069243 0.5426666666666666 0.13446054750402575 0.232
0 0.28703703703703703 0.5533333333333333 0.11352657004830918 0.14666666666666667
0 0.33816425120772947 0.5346666666666666 0.10144927536231885 0.13066666666666665
0 0.35829307568438 0.5346666666666666 0.09339774557165861 0.12533333333333332
0 0.358695652173913 0.5146666666666667 0.0748792270531401 0.12266666666666666
0 0.3675523349436393 0.5133333333333333 0.09259259259259259 0.11466666666666667
0 0.39895330112721417 0.48 0.06038647342995169 0.096
1 0.46618357487922707 0.484 0.004830917874396135 0.04533333333333334
0 0.5491143317230274 0.5293333333333333 0.040257648953301126 0.104
0 0.5132850241545893 0.4866666666666667 0.018518518518518517 0.04533333333333334
