0 0.5040257648953301 0.5626666666666666 0.05152979066022544 0.13866666666666666
0 0.9231078904991948 0.6053333333333333 0.15217391304347827 0.784
0 0.049516908212560384 0.7133333333333334 0.09903381642512077 0.568
0 0.15579710144927536 0.7253333333333334 0.24235104669887278 0.4533333333333333
0 0.2560386473429952 0.648 0.20450885668276972 0.304
0 0.36312399355877617 0.56 0.10466988727858294 0.176
0 0.37318840579710144 0.5426666666666666 0.0861513687600644 0.14133333333333334
0 0.4190821256038647 0.5173333333333333 0.06843800322061191 0.09066666666666667
0 0.46256038647342995 0.4666666666666667 0.04106280193236715 0.06933333333333333
0 0.677938808373591 0.632 0.1288244766505636 0.24533333333333332
0 0.6135265700483091 0.5506666666666666 0.07568438003220612 0.17866666666666667
2 0.571658615136876 0.544 0.017713365539452495 0.144
0 0.5632045088566827 0.5053333333333333 0.036231884057971016 0.09333333333333334
0 0.501610305958132 0.516 0.030595813204508857 0.09333333333333334
0 0.13446054750402575 0.5253333333333333 0.10950080515297907 0.13333333333333333
0 0.679549114331723 0.4866666666666667 0.07890499194847021 0.104
