2 0.06360708534621579 0.5093333333333333 0.01610305958132045 0.10666666666666667
2 0.0893719806763285 0.5013333333333333 0.017713365539452495 0.10133333333333333
2 0.18438003220611915 0.5053333333333333 0.020933977455716585 0.12
2 0.48389694041867953 0.48933333333333334 0.00966183574879227 0.088
0 0.45652173913043476 0.472 0.03864734299516908 0.10133333333333333
0 0.48470209339774556 0.4826666666666667 0.040257648953301126 0.07466666666666667
0 0.5241545893719807 0.476 0.04830917874396135 0.06666666666666667
0 0.6368760064412239 0.468 0.0499194847020934 0.088
0 0.6561996779388084 0.472 0.037037037037037035 0.058666666666666666
0 0.6908212560386473 0.4666666666666667 0.04186795491143317 0.064
