0 0.5152979066022544 0.612 0.09178743961352658 0.2906666666666667
0 0.7540257648953301 0.648 0.19887278582930756 0.384
0 0.5974235104669887 0.5133333333333333 0.08051529790660225 0.12
0 0.5672302737520128 0.5013333333333333 0.050724637681159424 0.08
0 0.5527375201288245 0.49333333333333335 0.04750402576489533 0.064
0 0.0748792270531401 0.608 0.1497584541062802 0.25066666666666665
0 0.20813204508856684 0.5706666666666667 0.09581320450885668 0.13866666666666666
0 0.3365539452495974 0.5186666666666667 0.04669887278582931 0.07733333333333334
0 0.35990338164251207 0.5026666666666667 0.033816425120772944 0.08266666666666667
0 0.394524959742351 0.49466666666666664 0.030595813204508857 0.056
0 0.43156199677938806 0.488 0.028985507246376812 0.042666666666666665
0 0.25925925925925924 0.5133333333333333 0.05152979066022544 0.08266666666666667
0 0.018518518518518517 0.576 0.037037037037037035 0.17066666666666666
