0 0.5072463768115942 0.5746666666666667 0.06924315619967794 0.216
0 0.7930756843800322 0.628 0.23510466988727857 0.5893333333333334
0 0.6509661835748792 0.5586666666666666 0.13285024154589373 0.21066666666666667
0 0.5780998389694042 0.5 0.06763285024154589 0.09333333333333334
0 0.5543478260869565 0.49333333333333335 0.04428341384863124 0.06933333333333333
0 0.5458937198067633 0.48933333333333334 0.04186795491143317 0.056
0 0.0748792270531401 0.6026666666666667 0.1497584541062802 0.2613333333333333
0 0.18800322061191627 0.564 0.107085346215781 0.168
0 0.27012882447665054 0.548 0.06682769726247988 0.104
0 0.35909822866344604 0.5093333333333333 0.03864734299516908 0.06933333333333333
0 0.37600644122383253 0.49733333333333335 0.028985507246376812 0.072
0 0.4033816425120773 0.492 0.027375201288244767 0.050666666666666665
0 0.4363929146537842 0.4866666666666667 0.02576489533011272 0.04
0 0.961755233494364 0.548 0.0748792270531401 0.11466666666666667
0 0.11312399355877617 0.5493333333333333 0.08132045088566828 0.13333333333333333
