0 0.3741830065359477 0.5621621621621622 0.08823529411764706 0.1945945945945946
1 0.7859477124183006 0.4648648648648649 0.06209150326797386 0.17297297297297298
1 0.7226307189542484 0.4648648648648649 0.04820261437908497 0.14594594594594595
2 0.4493464052287582 0.5094594594594595 0.0196078431372549 0.14864864864864866
1 0.5915032679738562 0.4756756756756757 0.032679738562091505 0.0972972972972973
2 0.3410947712418301 0.5202702702702703 0.01715686274509804 0.16486486486486487
1 0.6821895424836601 0.47162162162162163 0.021241830065359478 0.10540540540540541
2 0.20506535947712418 0.5405405405405406 0.016339869281045753 0.12972972972972974
2 0.2005718954248366 0.5459459459459459 0.018790849673202614 0.12432432432432433
1 0.26552287581699346 0.5418918918918919 0.05718954248366013 0.16486486486486487
2 0.2741013071895425 0.5324324324324324 0.01715686274509804 0.12972972972972974
2 0.2687908496732026 0.5378378378378378 0.021241830065359478 0.15675675675675677
2 0.3402777777777778 0.5148648648648648 0.013888888888888888 0.15945945945945947
0 0.9256535947712419 0.43783783783783786 0.10130718954248366 0.0972972972972973
0 0.8394607843137255 0.46756756756756757 0.08905228758169935 0.08108108108108109
