0 0.16747181964573268 0.7253333333333334 0.24154589371980675 0.416
0 0.8888888888888888 0.7626666666666667 0.22061191626409019 0.4693333333333333
0 0.3007246376811594 0.612 0.11674718196457327 0.22133333333333333
0 0.7338969404186796 0.6746666666666666 0.18438003220611915 0.368
0 0.3534621578099839 0.5706666666666667 0.08373590982286634 0.15466666666666667
0 0.6404991948470209 0.5853333333333334 0.107085346215781 0.22666666666666666
0 0.4243156199677939 0.5186666666666667 0.033816425120772944 0.08266666666666667
0 0.6042673107890499 0.552 0.06682769726247988 0.16
0 0.5865539452495975 0.5293333333333333 0.04750402576489533 0.12533333333333332
0 0.572463768115942 0.5173333333333333 0.04186795491143317 0.10133333333333333
