0 0.4786634460547504 0.5306666666666666 0.04106280193236715 0.10666666666666667
0 0.18115942028985507 0.6346666666666667 0.15942028985507245 0.26666666666666666
0 0.3603059581320451 0.6466666666666666 0.11996779388083736 0.27466666666666667
0 0.40418679549114334 0.5853333333333334 0.07729468599033816 0.19466666666666665
0 0.3252818035426731 0.536 0.10628019323671498 0.14933333333333335
0 0.8727858293075684 0.7933333333333333 0.2528180354267311 0.408
0 0.6731078904991948 0.4533333333333333 0.22705314009661837 0.72
2 0.8260869565217391 0.6853333333333333 0.07890499194847021 0.496
0 0.5422705314009661 0.544 0.04428341384863124 0.11733333333333333
0 0.5245571658615137 0.5226666666666666 0.03140096618357488 0.08
0 0.5157004830917874 0.468 0.03784219001610306 0.16266666666666665
0 0.21215780998389694 0.52 0.06521739130434782 0.09066666666666667
0 0.47020933977455714 0.516 0.027375201288244767 0.08266666666666667
0 0.03421900161030596 0.5653333333333334 0.06843800322061191 0.16533333333333333
