2 0.5702614379084967 0.47702702702702704 0.0196078431372549 0.15405405405405406
2 0.23937908496732027 0.5216216216216216 0.029411764705882353 0.32432432432432434
2 0.9338235294117647 0.6716216216216216 0.13071895424836602 0.6513513513513514
2 0.5241013071895425 0.5567567567567567 0.03676470588235294 0.33513513513513515
2 0.5698529411764706 0.5324324324324324 0.03839869281045752 0.35135135135135137
2 0.49468954248366015 0.5054054054054054 0.028594771241830064 0.2648648648648649
2 0.4709967320261438 0.5108108108108108 0.03022875816993464 0.2702702702702703
2 0.5273692810457516 0.5013513513513513 0.028594771241830064 0.24054054054054055
2 0.5645424836601307 0.5067567567567568 0.02287581699346405 0.22432432432432434
2 0.3831699346405229 0.5162162162162162 0.026143790849673203 0.2756756756756757
2 0.4056372549019608 0.5175675675675676 0.022058823529411766 0.22972972972972974
2 0.42810457516339867 0.4972972972972973 0.024509803921568627 0.25405405405405407
2 0.4526143790849673 0.5216216216216216 0.0196078431372549 0.21081081081081082
2 0.42034313725490197 0.49864864864864866 0.04330065359477124 0.22972972972972974
0 0.1090686274509804 0.49864864864864866 0.2181372549019608 0.9972972972972973
