0 0.5040257648953301 0.6093333333333333 0.06280193236714976 0.17866666666666667
0 0.1529790660225443 0.604 0.11594202898550725 0.17866666666666667
1 0.8381642512077294 0.6413333333333333 0.14009661835748793 0.31733333333333336
0 0.5966183574879227 0.56 0.07890499194847021 0.24533333333333332
2 0.34339774557165864 0.6173333333333333 0.02818035426731079 0.296
0 0.2608695652173913 0.5506666666666666 0.06602254428341385 0.12533333333333332
0 0.357487922705314 0.5813333333333334 0.0966183574879227 0.16
0 0.39090177133655396 0.568 0.08454106280193237 0.10666666666666667
0 0.41626409017713367 0.548 0.05958132045088567 0.088
0 0.43760064412238325 0.5333333333333333 0.04428341384863124 0.058666666666666666
0 0.5628019323671497 0.5586666666666666 0.04186795491143317 0.09866666666666667
0 0.4851046698872786 0.5546666666666666 0.03462157809983897 0.10666666666666667
0 0.2753623188405797 0.54 0.05152979066022544 0.07733333333333334
