0 0.6654589371980676 0.5146666666666667 0.1537842190016103 0.18133333333333335
0 0.9923510466988728 0.424 0.013687600644122383 0.128
0 0.8816425120772947 0.43466666666666665 0.09017713365539452 0.09066666666666667
0 0.856682769726248 0.43466666666666665 0.08695652173913043 0.08533333333333333
0 0.8381642512077294 0.44266666666666665 0.08695652173913043 0.08533333333333333
0 0.394122383252818 0.5386666666666666 0.0426731078904992 0.112
0 0.4553140096618358 0.512 0.03140096618357488 0.08
0 0.6541867954911433 0.4693333333333333 0.07971014492753623 0.10133333333333333
0 0.7347020933977456 0.43866666666666665 0.039452495974235106 0.07733333333333334
0 0.7640901771336553 0.44533333333333336 0.043478260869565216 0.06933333333333333
0 0.538244766505636 0.49066666666666664 0.02818035426731079 0.064
