0 0.6239935587761675 0.6026666666666667 0.12560386473429952 0.32
0 0.0853462157809984 0.7106666666666667 0.1706924315619968 0.43466666666666665
0 0.13446054750402575 0.6573333333333333 0.2689210950080515 0.3333333333333333
0 0.18800322061191627 0.62 0.2181964573268921 0.25333333333333335
0 0.23429951690821257 0.5866666666666667 0.16264090177133655 0.208
0 0.2962962962962963 0.5413333333333333 0.1529790660225443 0.208
0 0.27375201288244766 0.5693333333333334 0.1320450885668277 0.2
0 0.5825281803542673 0.572 0.0748792270531401 0.168
0 0.30998389694041867 0.5306666666666666 0.10789049919484701 0.176
0 0.3397745571658615 0.5293333333333333 0.10466988727858294 0.13066666666666665
0 0.5322061191626409 0.5186666666666667 0.0322061191626409 0.08266666666666667
0 0.5599838969404187 0.5426666666666666 0.05233494363929147 0.136
