2 0.49515347334410337 0.5227272727272727 0.01615508885298869 0.15240641711229946
2 0.5060581583198708 0.5254010695187166 0.021809369951534735 0.17379679144385027
2 0.04240710823909531 0.7152406417112299 0.08481421647819062 0.5641711229946524
2 0.08077544426494346 0.6417112299465241 0.050080775444264945 0.34759358288770054
2 0.16922455573505654 0.6751336898395722 0.05896607431340872 0.4679144385026738
2 0.675686591276252 0.6256684491978609 0.062197092084006464 0.44385026737967914
2 0.8731825525040388 0.6737967914438503 0.10662358642972536 0.6470588235294118
2 0.30735056542810985 0.5441176470588235 0.03150242326332795 0.17379679144385027
2 0.4289176090468498 0.5294117647058824 0.017770597738287562 0.17647058823529413
0 0.3432956381260097 0.5414438502673797 0.1098546042003231 0.2807486631016043
0 0.3929725363489499 0.5133689839572193 0.062197092084006464 0.1925133689839572
