0 0.9134460547504025 0.6693333333333333 0.17149758454106281 0.5706666666666667
0 0.15257648953301128 0.756 0.30515297906602257 0.4826666666666667
0 0.3442028985507246 0.6346666666666667 0.11674718196457327 0.2613333333333333
0 0.391304347826087 0.58 0.08051529790660225 0.184
0 0.5986312399355878 0.5666666666666667 0.06682769726247988 0.2
0 0.8739935587761675 0.5813333333333334 0.250402576489533 0.3253333333333333
0 0.4247181964573269 0.528 0.04428341384863124 0.128
0 0.4311594202898551 0.5226666666666666 0.04911433172302738 0.096
0 0.36513687600644124 0.4826666666666667 0.050724637681159424 0.058666666666666666
0 0.6123188405797102 0.5373333333333333 0.06682769726247988 0.14666666666666667
0 0.6489533011272142 0.5093333333333333 0.06924315619967794 0.13333333333333333
0 0.7657004830917874 0.4693333333333333 0.06602254428341385 0.07466666666666667
