0 0.6851851851851852 0.6266666666666667 0.14170692431561996 0.2826666666666667
0 0.4967793880837359 0.49733333333333335 0.05958132045088567 0.072
2 0.392512077294686 0.5146666666666667 0.012077294685990338 0.12266666666666666
1 0.7194041867954911 0.528 0.05877616747181964 0.14933333333333335
0 0.6557971014492754 0.4786666666666667 0.05877616747181964 0.072
0 0.8023349436392915 0.468 0.0748792270531401 0.06666666666666667
0 0.9698067632850241 0.45866666666666667 0.05877616747181964 0.09066666666666667
0 0.34098228663446056 0.5106666666666667 0.05233494363929147 0.072
0 0.21859903381642512 0.516 0.04750402576489533 0.06666666666666667
0 0.4810789049919485 0.4866666666666667 0.018518518518518517 0.04
0 0.4533011272141707 0.4866666666666667 0.020933977455716585 0.04
