0 0.09380032206119163 0.788 0.18760064412238325 0.4186666666666667
0 0.22826086956521738 0.74 0.2181964573268921 0.41333333333333333
0 0.8494363929146538 0.7466666666666667 0.2995169082125604 0.5013333333333333
0 0.7012882447665056 0.6453333333333333 0.17713365539452497 0.37866666666666665
0 0.9247181964573269 0.484 0.14895330112721417 0.25333333333333335
0 0.5430756843800322 0.508 0.04428341384863124 0.09866666666666667
0 0.4915458937198068 0.5 0.03140096618357488 0.06133333333333333
0 0.6698872785829307 0.5146666666666667 0.0966183574879227 0.13333333333333333
0 0.4601449275362319 0.4866666666666667 0.036231884057971016 0.050666666666666665
1 0.39371980676328505 0.49866666666666665 0.011272141706924315 0.06933333333333333
