0 0.051932367149758456 0.728 0.10386473429951691 0.5386666666666666
0 0.11594202898550725 0.6746666666666666 0.2318840579710145 0.44266666666666665
0 0.11513687600644122 0.62 0.23027375201288244 0.312
0 0.20450885668276972 0.6226666666666667 0.2028985507246377 0.248
0 0.23349436392914655 0.5786666666666667 0.18840579710144928 0.208
0 0.2942834138486312 0.544 0.1280193236714976 0.17066666666666666
0 0.3140096618357488 0.5253333333333333 0.12560386473429952 0.18666666666666668
1 0.44082125603864736 0.516 0.012077294685990338 0.088
0 0.822061191626409 0.7666666666666667 0.34299516908212563 0.4613333333333333
0 0.8381642512077294 0.6213333333333333 0.26570048309178745 0.3253333333333333
0 0.7648953301127214 0.6066666666666667 0.18357487922705315 0.24266666666666667
0 0.7097423510466989 0.5853333333333334 0.14090177133655393 0.18933333333333333
0 0.6839774557165862 0.56 0.10547504025764895 0.16533333333333333
0 0.6566022544283414 0.5546666666666666 0.12318840579710146 0.15466666666666667
0 0.6328502415458938 0.5466666666666666 0.11272141706924316 0.12266666666666666
0 0.6239935587761675 0.5266666666666666 0.09339774557165861 0.136
0 0.37399355877616747 0.512 0.08132045088566828 0.09066666666666667
0 0.3884863123993559 0.5173333333333333 0.07004830917874397 0.08
0 0.5253623188405797 0.5133333333333333 0.029790660225442835 0.072
0 0.5140901771336553 0.5 0.018518518518518517 0.050666666666666665
0 0.49879227053140096 0.4706666666666667 0.012077294685990338 0.04533333333333334
