0 0.392914653784219 0.5133333333333333 0.07085346215780998 0.08266666666666667
0 0.5466988727858293 0.5173333333333333 0.037037037037037035 0.10133333333333333
0 0.44806763285024154 0.5306666666666666 0.036231884057971016 0.096
0 0.31521739130434784 0.544 0.13123993558776167 0.14933333333333335
0 0.26288244766505636 0.5773333333333334 0.17149758454106281 0.21066666666666667
0 0.2037037037037037 0.6106666666666667 0.2463768115942029 0.2826666666666667
0 0.10305958132045089 0.6386666666666667 0.20611916264090177 0.3546666666666667
0 0.09460547504025765 0.6773333333333333 0.1892109500805153 0.624
0 0.6179549114331723 0.6093333333333333 0.09581320450885668 0.20533333333333334
0 0.821256038647343 0.7733333333333333 0.355877616747182 0.448
