0 0.08494363929146538 0.7946666666666666 0.16988727858293076 0.4053333333333333
0 0.2890499194847021 0.5973333333333334 0.22705314009661837 0.6506666666666666
0 0.8285024154589372 0.7186666666666667 0.3413848631239936 0.5573333333333333
0 0.061996779388083734 0.788 0.12399355877616747 0.4186666666666667
0 0.6332528180354268 0.5653333333333334 0.1859903381642512 0.25066666666666665
0 0.40942028985507245 0.5373333333333333 0.08132045088566828 0.22666666666666666
0 0.16465378421900162 0.6946666666666667 0.19243156199677938 0.34933333333333333
0 0.5366344605475041 0.524 0.036231884057971016 0.104
0 0.5233494363929146 0.512 0.0322061191626409 0.096
2 0.4726247987117552 0.488 0.004830917874396135 0.058666666666666666
2 0.4774557165861514 0.48933333333333334 0.004830917874396135 0.056
0 0.44605475040257647 0.48933333333333334 0.014492753623188406 0.050666666666666665
