0 0.4613526570048309 0.6786666666666666 0.12560386473429952 0.3973333333333333
0 0.48470209339774556 0.5466666666666666 0.061191626409017714 0.21333333333333335
0 0.7105475040257649 0.692 0.1972624798711755 0.456
0 0.6018518518518519 0.592 0.09903381642512077 0.24
0 0.5571658615136876 0.5493333333333333 0.057971014492753624 0.16533333333333333
0 0.10628019323671498 0.5386666666666666 0.06602254428341385 0.08533333333333333
0 0.29589371980676327 0.5133333333333333 0.04911433172302738 0.072
0 0.22061191626409019 0.528 0.05314009661835749 0.06933333333333333
0 0.4553140096618358 0.504 0.03140096618357488 0.08
0 0.5362318840579711 0.5226666666666666 0.033816425120772944 0.10133333333333333
