0 0.5112721417069244 0.5826666666666667 0.07729468599033816 0.24266666666666667
0 0.8852657004830918 0.624 0.2278582930756844 0.7466666666666667
0 0.6839774557165862 0.5786666666666667 0.15539452495974235 0.2613333333333333
0 0.5865539452495975 0.49733333333333335 0.071658615136876 0.104
0 0.5607890499194848 0.49066666666666664 0.04750402576489533 0.07466666666666667
0 0.5495169082125604 0.484 0.04428341384863124 0.056
0 0.043478260869565216 0.612 0.08695652173913043 0.27466666666666667
0 0.14653784219001612 0.5666666666666667 0.13043478260869565 0.19466666666666665
0 0.24798711755233493 0.5493333333333333 0.07729468599033816 0.11733333333333333
0 0.3506441223832528 0.5053333333333333 0.0426731078904992 0.072
0 0.37037037037037035 0.492 0.030595813204508857 0.07733333333333334
0 0.4001610305958132 0.488 0.028985507246376812 0.05333333333333334
0 0.43478260869565216 0.48133333333333334 0.027375201288244767 0.04
0 0.057971014492753624 0.56 0.10144927536231885 0.15466666666666667
