0 0.042270531400966184 0.672 0.08454106280193237 0.6506666666666666
1 0.3289049919484702 0.6293333333333333 0.04911433172302738 0.2826666666666667
0 0.9416264090177133 0.7466666666666667 0.11513687600644122 0.5013333333333333
0 0.8611111111111112 0.7146666666666667 0.27616747181964574 0.4266666666666667
0 0.8285024154589372 0.6173333333333333 0.2753623188405797 0.376
0 0.24758454106280192 0.5746666666666667 0.16988727858293076 0.17866666666666667
0 0.2890499194847021 0.564 0.13526570048309178 0.152
0 0.3196457326892109 0.5386666666666666 0.0853462157809984 0.12266666666666666
0 0.5374396135265701 0.5426666666666666 0.05394524959742351 0.13066666666666665
0 0.3675523349436393 0.516 0.06843800322061191 0.088
0 0.5112721417069244 0.5053333333333333 0.027375201288244767 0.07733333333333334
0 0.48993558776167473 0.468 0.013687600644122383 0.056
