0 0.5052334943639292 0.5586666666666666 0.05394524959742351 0.168
0 0.7322866344605475 0.624 0.1570048309178744 0.32
0 0.6324476650563607 0.5586666666666666 0.11352657004830918 0.17333333333333334
0 0.20531400966183574 0.6173333333333333 0.15780998389694043 0.264
0 0.033816425120772944 0.6533333333333333 0.06763285024154589 0.256
0 0.12359098228663445 0.5906666666666667 0.1392914653784219 0.23733333333333334
0 0.38768115942028986 0.532 0.05555555555555555 0.09866666666666667
0 0.4726247987117552 0.49066666666666664 0.02576489533011272 0.064
0 0.2785829307568438 0.5426666666666666 0.07729468599033816 0.12
0 0.37681159420289856 0.52 0.0499194847020934 0.07466666666666667
0 0.5442834138486312 0.4866666666666667 0.01932367149758454 0.04533333333333334
0 0.17954911433172302 0.548 0.09500805152979067 0.12
