0 0.5136876006441223 0.58 0.06280193236714976 0.17333333333333334
0 0.9774557165861514 0.552 0.043478260869565216 0.14933333333333335
0 0.2882447665056361 0.5306666666666666 0.05475040257648953 0.10133333333333333
1 0.6545893719806763 0.5306666666666666 0.05475040257648953 0.13866666666666666
0 0.5511272141706924 0.5 0.039452495974235106 0.136
2 0.41867954911433175 0.5213333333333333 0.01288244766505636 0.14133333333333334
0 0.357085346215781 0.5053333333333333 0.029790660225442835 0.072
0 0.4082125603864734 0.5186666666666667 0.06280193236714976 0.09333333333333334
0 0.42351046698872785 0.5173333333333333 0.05958132045088567 0.06933333333333333
0 0.4867149758454106 0.5293333333333333 0.03784219001610306 0.10933333333333334
