0 0.5052334943639292 0.5546666666666666 0.050724637681159424 0.13866666666666666
0 0.26851851851851855 0.644 0.1747181964573269 0.344
0 0.30475040257648955 0.6013333333333334 0.1392914653784219 0.23733333333333334
0 0.39533011272141705 0.544 0.09178743961352658 0.12266666666666666
0 0.41304347826086957 0.5186666666666667 0.05958132045088567 0.09333333333333334
0 0.4255233494363929 0.5173333333333333 0.05877616747181964 0.08533333333333333
0 0.4573268921095008 0.47733333333333333 0.04669887278582931 0.08
0 0.8776167471819646 0.7773333333333333 0.2431561996779388 0.44
0 0.6984702093397746 0.6186666666666667 0.1537842190016103 0.30933333333333335
2 0.6103059581320451 0.5933333333333334 0.033816425120772944 0.22133333333333333
0 0.6235909822866345 0.5706666666666667 0.0748792270531401 0.16
0 0.5946054750402576 0.548 0.05394524959742351 0.12
0 0.5813204508856683 0.5213333333333333 0.04830917874396135 0.12
2 0.5527375201288245 0.5066666666666667 0.012077294685990338 0.07466666666666667
0 0.09541062801932366 0.6213333333333333 0.19082125603864733 0.256
0 0.5044283413848631 0.5133333333333333 0.029790660225442835 0.088
0 0.026167471819645734 0.5426666666666666 0.05233494363929147 0.17866666666666667
0 0.21698872785829307 0.5693333333333334 0.11513687600644122 0.17333333333333334
0 0.715378421900161 0.49066666666666664 0.09581320450885668 0.12266666666666666
