0 0.9464869281045751 0.5648648648648649 0.1053921568627451 0.14054054054054055
0 0.8937908496732027 0.5608108108108109 0.10130718954248366 0.13243243243243244
0 0.8251633986928104 0.5608108108108109 0.09477124183006536 0.14324324324324325
0 0.505718954248366 0.5054054054054054 0.027777777777777776 0.08108108108108109
1 0.4272875816993464 0.5527027027027027 0.042483660130718956 0.21351351351351353
1 0.4693627450980392 0.5351351351351351 0.049836601307189546 0.21081081081081082
1 0.3999183006535948 0.504054054054054 0.01715686274509804 0.1
2 0.15522875816993464 0.4648648648648649 0.013071895424836602 0.12972972972972974
2 0.1147875816993464 0.518918918918919 0.03022875816993464 0.23243243243243245
2 0.21200980392156862 0.49324324324324326 0.01715686274509804 0.14864864864864866
2 0.18055555555555555 0.4851351351351351 0.0196078431372549 0.15405405405405406
2 0.5232843137254902 0.6067567567567568 0.03839869281045752 0.3864864864864865
2 0.5571895424836601 0.5878378378378378 0.049019607843137254 0.36486486486486486
2 0.6098856209150327 0.6040540540540541 0.05800653594771242 0.4243243243243243
2 0.8451797385620915 0.7054054054054054 0.09395424836601307 0.5837837837837838
2 0.8521241830065359 0.6972972972972973 0.09967320261437909 0.6
2 0.8794934640522876 0.6905405405405406 0.08741830065359477 0.5162162162162162
2 0.6033496732026143 0.6337837837837837 0.04820261437908497 0.46216216216216216
