0 0.5052334943639292 0.5573333333333333 0.050724637681159424 0.13866666666666666
0 0.29911433172302737 0.6173333333333333 0.1537842190016103 0.2853333333333333
0 0.32407407407407407 0.5853333333333334 0.1247987117552335 0.20533333333333334
0 0.40217391304347827 0.5346666666666666 0.0861513687600644 0.11466666666666667
0 0.42914653784219003 0.508 0.05636070853462158 0.08266666666666667
0 0.45893719806763283 0.468 0.04669887278582931 0.07733333333333334
0 0.8522544283413849 0.7666666666666667 0.2938808373590982 0.4613333333333333
0 0.6731078904991948 0.5893333333333334 0.12721417069243157 0.26666666666666666
2 0.5998389694041868 0.5813333333333334 0.027375201288244767 0.20266666666666666
0 0.6139291465378421 0.5586666666666666 0.06682769726247988 0.14666666666666667
0 0.5885668276972624 0.54 0.0499194847020934 0.10933333333333334
0 0.5768921095008052 0.5186666666666667 0.04428341384863124 0.11466666666666667
2 0.5515297906602254 0.5053333333333333 0.00966183574879227 0.072
0 0.13405797101449277 0.5986666666666667 0.18115942028985507 0.216
0 0.5044283413848631 0.5146666666666667 0.029790660225442835 0.09066666666666667
0 0.04468599033816425 0.548 0.0893719806763285 0.17866666666666667
0 0.24074074074074073 0.5586666666666666 0.10144927536231885 0.15733333333333333
0 0.7069243156199678 0.49333333333333335 0.09178743961352658 0.11733333333333333
