0 0.4935535858178888 0.5691489361702128 0.07010475423045931 0.2127659574468085
0 0.08017727639000806 0.75 0.16035455278001612 0.4946808510638298
0 0.32070910556003224 0.586436170212766 0.09186140209508462 0.18351063829787234
0 0.250201450443191 0.5598404255319149 0.0926672038678485 0.15691489361702127
0 0.3835616438356164 0.5412234042553191 0.05801772763900081 0.125
0 0.037066881547139406 0.598404255319149 0.07413376309427881 0.2127659574468085
0 0.12852538275584205 0.5598404255319149 0.10878323932312652 0.15159574468085107
0 0.314262691377921 0.49867021276595747 0.043513295729250605 0.09308510638297872
0 0.5173247381144238 0.5039893617021277 0.024174053182917002 0.05053191489361702
0 0.556809024979855 0.5026595744680851 0.017727639000805803 0.03723404255319149
