0 0.24114331723027374 0.6493333333333333 0.1392914653784219 0.25866666666666666
0 0.31239935587761675 0.592 0.0853462157809984 0.16533333333333333
0 0.3502415458937198 0.5653333333333334 0.05636070853462158 0.128
0 0.3776167471819646 0.5453333333333333 0.04669887278582931 0.09866666666666667
0 0.6992753623188406 0.4693333333333333 0.10225442834138486 0.128
0 0.6803542673107891 0.464 0.06924315619967794 0.12266666666666666
0 0.6602254428341385 0.468 0.07407407407407407 0.10933333333333334
0 0.9766505636070854 0.4 0.04508856682769726 0.12266666666666666
0 0.9541062801932367 0.4 0.09017713365539452 0.12266666666666666
0 0.9388083735909822 0.4066666666666667 0.12077294685990338 0.104
0 0.9082125603864735 0.416 0.10950080515297907 0.096
0 0.4053945249597424 0.532 0.036231884057971016 0.07733333333333334
0 0.5547504025764896 0.5093333333333333 0.037037037037037035 0.096
