0 0.4883252818035427 0.5066666666666667 0.020128824476650563 0.064
0 0.23832528180354268 0.7613333333333333 0.2463768115942029 0.472
0 0.8635265700483091 0.736 0.2713365539452496 0.5226666666666666
0 0.748389694041868 0.7253333333333334 0.23268921095008052 0.544
0 0.5901771336553945 0.5813333333333334 0.08373590982286634 0.20266666666666666
0 0.538244766505636 0.524 0.03462157809983897 0.09866666666666667
0 0.5656199677938808 0.5493333333333333 0.0571658615136876 0.15466666666666667
0 0.2946859903381642 0.5493333333333333 0.07085346215780998 0.08533333333333333
0 0.20450885668276972 0.5546666666666666 0.08051529790660225 0.09066666666666667
0 0.5221417069243156 0.5053333333333333 0.021739130434782608 0.06133333333333333
2 0.750805152979066 0.5973333333333334 0.03140096618357488 0.4053333333333333
