0 0.1928341384863124 0.52 0.3856682769726248 0.9546666666666667
2 0.6590177133655395 0.536 0.0249597423510467 0.20266666666666666
1 0.3888888888888889 0.56 0.027375201288244767 0.192
1 0.4082125603864734 0.528 0.017713365539452495 0.144
0 0.5849436392914654 0.5693333333333334 0.07004830917874397 0.184
0 0.5571658615136876 0.5346666666666666 0.05314009661835749 0.15733333333333333
0 0.5430756843800322 0.5186666666666667 0.0426731078904992 0.136
2 0.49597423510466987 0.484 0.00966183574879227 0.072
2 0.501207729468599 0.4866666666666667 0.008856682769726247 0.072
0 0.4424315619967794 0.484 0.018518518518518517 0.06133333333333333
0 0.40700483091787437 0.516 0.03140096618357488 0.08266666666666667
0 0.3353462157809984 0.572 0.0748792270531401 0.168
