0 0.48188405797101447 0.5053333333333333 0.026570048309178744 0.08266666666666667
0 0.48752012882447665 0.49333333333333335 0.023349436392914653 0.07466666666666667
2 0.7556360708534622 0.5946666666666667 0.03784219001610306 0.35733333333333334
0 0.6348631239935588 0.6106666666666667 0.12640901771336555 0.288
0 0.5772946859903382 0.5586666666666666 0.0644122383252818 0.18933333333333333
0 0.534219001610306 0.5013333333333333 0.03140096618357488 0.10133333333333333
0 0.1570048309178744 0.656 0.15136876006441224 0.24
0 0.2471819645732689 0.5893333333333334 0.09822866344605476 0.176
0 0.31561996779388085 0.548 0.061191626409017714 0.12
0 0.5165056360708534 0.49066666666666664 0.016908212560386472 0.05333333333333334
