0 0.894524959742351 0.76 0.20933977455716588 0.4746666666666667
0 0.8349436392914654 0.6653333333333333 0.21900161030595813 0.584
0 0.4577294685990338 0.5093333333333333 0.0426731078904992 0.15466666666666667
0 0.7677133655394525 0.4613333333333333 0.1956521739130435 0.24533333333333332
0 0.30475040257648955 0.5413333333333333 0.061996779388083734 0.11733333333333333
0 0.23309178743961353 0.5213333333333333 0.07809983896940419 0.16266666666666665
0 0.394122383252818 0.49733333333333335 0.033011272141706925 0.088
0 0.5913848631239935 0.5093333333333333 0.06038647342995169 0.112
0 0.4822866344605475 0.47333333333333333 0.027375201288244767 0.07733333333333334
0 0.5124798711755234 0.44666666666666666 0.02818035426731079 0.09866666666666667
0 0.6352657004830918 0.504 0.06280193236714976 0.11733333333333333
0 0.9488727858293076 0.44133333333333336 0.10064412238325282 0.184
0 0.47665056360708535 0.43333333333333335 0.028985507246376812 0.14133333333333334
0 0.11030595813204509 0.556 0.0998389694041868 0.12533333333333332
0 0.026972624798711754 0.5693333333333334 0.05394524959742351 0.11466666666666667
