0 0.5044283413848631 0.5533333333333333 0.05233494363929147 0.14133333333333334
0 0.8800322061191627 0.5973333333333334 0.23832528180354268 0.8
0 0.10104669887278583 0.708 0.20209339774557167 0.5786666666666667
0 0.20933977455716588 0.664 0.20933977455716588 0.3626666666666667
0 0.2830112721417069 0.62 0.17954911433172302 0.25866666666666666
0 0.3715780998389694 0.5506666666666666 0.09742351046698873 0.16266666666666665
0 0.4214975845410628 0.5066666666666667 0.06521739130434782 0.08533333333333333
0 0.6566022544283414 0.6066666666666667 0.11030595813204509 0.216
0 0.6042673107890499 0.54 0.06843800322061191 0.16266666666666665
2 0.5652173913043478 0.5373333333333333 0.01610305958132045 0.136
0 0.499194847020934 0.5146666666666667 0.030595813204508857 0.09066666666666667
0 0.15619967793880837 0.516 0.0998389694041868 0.12533333333333332
0 0.6739130434782609 0.48 0.07568438003220612 0.10133333333333333
