1 0.7124183006535948 0.6067567567567568 0.049019607843137254 0.23513513513513515
1 0.15073529411764705 0.7283783783783784 0.3014705882352941 0.5378378378378378
1 0.5526960784313726 0.5905405405405405 0.03839869281045752 0.22432432432432434
2 0.21323529411764705 0.5405405405405406 0.013071895424836602 0.14054054054054055
2 0.22916666666666666 0.5337837837837838 0.015522875816993464 0.12162162162162163
1 0.5310457516339869 0.5432432432432432 0.027777777777777776 0.10270270270270271
2 0.3451797385620915 0.5459459459459459 0.010620915032679739 0.12972972972972974
2 0.33374183006535946 0.5445945945945946 0.013888888888888888 0.11081081081081082
2 0.5400326797385621 0.5351351351351351 0.011437908496732025 0.10810810810810811
2 0.5616830065359477 0.5513513513513514 0.015522875816993464 0.10810810810810811
