0 0.9468954248366013 0.5675675675675675 0.10457516339869281 0.14054054054054055
0 0.8941993464052288 0.5608108108108109 0.10212418300653595 0.13243243243243244
0 0.8251633986928104 0.5608108108108109 0.09477124183006536 0.14324324324324325
0 0.505718954248366 0.5054054054054054 0.027777777777777776 0.08108108108108109
2 0.8415032679738562 0.6702702702702703 0.08333333333333333 0.5243243243243243
2 0.1613562091503268 0.47162162162162163 0.013888888888888888 0.12702702702702703
2 0.22916666666666666 0.47297297297297297 0.013888888888888888 0.11351351351351352
2 0.25531045751633985 0.5418918918918919 0.02369281045751634 0.22972972972972974
2 0.28799019607843135 0.5378378378378378 0.022058823529411766 0.22162162162162163
2 0.3116830065359477 0.5432432432432432 0.049836601307189546 0.23783783783783785
2 0.3946078431372549 0.5702702702702702 0.03758169934640523 0.3027027027027027
2 0.4309640522875817 0.5648648648648649 0.035130718954248366 0.2702702702702703
2 0.2777777777777778 0.5675675675675675 0.032679738562091505 0.2810810810810811
2 0.31495098039215685 0.5648648648648649 0.03022875816993464 0.2702702702702703
2 0.3410947712418301 0.5635135135135135 0.03022875816993464 0.24054054054054055
2 0.2716503267973856 0.5472972972972973 0.04493464052287582 0.24594594594594596
