2 0.46526655896607433 0.5374331550802139 0.022617124394184167 0.20320855614973263
2 0.505654281098546 0.5334224598930482 0.024232633279483037 0.21657754010695188
2 0.28634894991922455 0.5387700534759359 0.020193861066235864 0.19518716577540107
2 0.4551696284329564 0.5574866310160428 0.023424878836833602 0.22727272727272727
2 0.5767366720516963 0.6377005347593583 0.05815831987075929 0.4946524064171123
2 0.9680936995153473 0.5909090909090909 0.05896607431340872 0.46524064171123
2 0.5137318255250404 0.5441176470588235 0.029079159935379646 0.232620320855615
2 0.6276252019386107 0.6149732620320856 0.048465266558966075 0.37433155080213903
0 0.32835218093699514 0.6029411764705882 0.1704361873990307 0.393048128342246
0 0.3408723747980614 0.5093582887700535 0.08239095315024232 0.21657754010695188
0 0.3739903069466882 0.49732620320855614 0.050080775444264945 0.16042780748663102
