0 0.8800322061191627 0.7346666666666667 0.23832528180354268 0.5253333333333333
0 0.09259259259259259 0.764 0.18518518518518517 0.4666666666666667
0 0.3107890499194847 0.5866666666666667 0.09017713365539452 0.18133333333333335
0 0.3530595813204509 0.5586666666666666 0.061996779388083734 0.12533333333333332
0 0.3784219001610306 0.54 0.043478260869565216 0.104
0 0.39814814814814814 0.528 0.03784219001610306 0.08533333333333333
0 0.6727053140096618 0.4653333333333333 0.0861513687600644 0.10933333333333334
0 0.6404991948470209 0.46266666666666667 0.06360708534621579 0.09333333333333334
0 0.9452495974235104 0.408 0.10789049919484701 0.10666666666666667
0 0.9102254428341385 0.41333333333333333 0.10547504025764895 0.10666666666666667
0 0.8856682769726248 0.41733333333333333 0.10305958132045089 0.088
0 0.8611111111111112 0.4186666666666667 0.09420289855072464 0.08533333333333333
0 0.4190821256038647 0.5146666666666667 0.03140096618357488 0.06933333333333333
0 0.5515297906602254 0.49733333333333335 0.0322061191626409 0.08266666666666667
