0 0.6988727858293076 0.688 0.2028985507246377 0.48
0 0.06763285024154589 0.7626666666666667 0.13526570048309178 0.4693333333333333
0 0.11594202898550725 0.6906666666666667 0.2318840579710145 0.4
0 0.15056360708534622 0.6533333333333333 0.24154589371980675 0.2773333333333333
0 0.6082930756843801 0.5973333333333334 0.09903381642512077 0.21333333333333335
0 0.5587761674718197 0.536 0.0499194847020934 0.144
0 0.3285024154589372 0.5493333333333333 0.12077294685990338 0.144
0 0.3438003220611916 0.5253333333333333 0.08051529790660225 0.144
0 0.3828502415458937 0.524 0.06843800322061191 0.088
0 0.532608695652174 0.5133333333333333 0.02818035426731079 0.07733333333333334
