0 0.501610305958132 0.54 0.05475040257648953 0.168
0 0.9005636070853462 0.7333333333333333 0.1972624798711755 0.528
0 0.783011272141707 0.6146666666666667 0.1892109500805153 0.3973333333333333
0 0.6473429951690821 0.5173333333333333 0.14009661835748793 0.256
0 0.5970209339774557 0.5173333333333333 0.09098228663446055 0.13333333333333333
0 0.5587761674718197 0.48533333333333334 0.05475040257648953 0.07466666666666667
0 0.5462962962962963 0.48 0.03784219001610306 0.058666666666666666
0 0.2073268921095008 0.5413333333333333 0.10225442834138486 0.16
0 0.35628019323671495 0.476 0.071658615136876 0.2
0 0.2713365539452496 0.528 0.06602254428341385 0.11733333333333333
0 0.3172302737520129 0.5213333333333333 0.04669887278582931 0.07733333333333334
0 0.37681159420289856 0.492 0.0322061191626409 0.056
0 0.2069243156199678 0.524 0.05314009661835749 0.09866666666666667
