0 0.49476650563607083 0.544 0.04589371980676329 0.12266666666666666
0 0.10668276972624799 0.6866666666666666 0.21336553945249598 0.6213333333333333
0 0.286231884057971 0.6013333333333334 0.14090177133655393 0.232
0 0.33816425120772947 0.56 0.12238325281803543 0.224
0 0.3788244766505636 0.5533333333333333 0.09420289855072464 0.12533333333333332
0 0.38727858293075684 0.5413333333333333 0.08373590982286634 0.112
0 0.4057971014492754 0.5226666666666666 0.05958132045088567 0.08
0 0.42069243156199676 0.512 0.05233494363929147 0.07466666666666667
0 0.5982286634460547 0.5306666666666666 0.09339774557165861 0.2613333333333333
0 0.538647342995169 0.512 0.024154589371980676 0.064
0 0.48792270531400966 0.5173333333333333 0.028985507246376812 0.08533333333333333
0 0.2757648953301127 0.508 0.07809983896940419 0.184
0 0.21014492753623187 0.5266666666666666 0.06602254428341385 0.11466666666666667
