2 0.37077294685990336 0.48 0.012077294685990338 0.10133333333333333
0 0.3522544283413849 0.468 0.04589371980676329 0.11466666666666667
0 0.38486312399355876 0.47733333333333333 0.04508856682769726 0.08533333333333333
0 0.428341384863124 0.472 0.05314009661835749 0.07466666666666667
0 0.5487117552334944 0.45466666666666666 0.05233494363929147 0.09333333333333334
0 0.5696457326892109 0.4613333333333333 0.039452495974235106 0.064
0 0.6034621578099839 0.4573333333333333 0.0426731078904992 0.06666666666666667
0 0.6292270531400966 0.464 0.04750402576489533 0.05333333333333334
0 0.6529790660225443 0.464 0.03542673107890499 0.05333333333333334
0 0.6727053140096618 0.4653333333333333 0.039452495974235106 0.050666666666666665
0 0.6932367149758454 0.45866666666666667 0.04669887278582931 0.05333333333333334
0 0.7298711755233495 0.44533333333333336 0.04911433172302738 0.07466666666666667
0 0.7479871175523349 0.45466666666666666 0.043478260869565216 0.050666666666666665
0 0.7657004830917874 0.45466666666666666 0.03864734299516908 0.04533333333333334
