2 0.2580515297906602 0.488 0.016908212560386472 0.11733333333333333
0 0.25161030595813205 0.4746666666666667 0.05233494363929147 0.13333333333333333
0 0.29025764895330114 0.48533333333333334 0.05233494363929147 0.096
0 0.34098228663446056 0.48 0.06038647342995169 0.08533333333333333
0 0.4758454106280193 0.464 0.05636070853462158 0.10133333333333333
0 0.49838969404186795 0.4693333333333333 0.04186795491143317 0.06933333333333333
0 0.53341384863124 0.464 0.04428341384863124 0.06933333333333333
0 0.5595813204508857 0.4706666666666667 0.04830917874396135 0.056
0 0.5837359098228664 0.4706666666666667 0.03542673107890499 0.056
0 0.6030595813204509 0.472 0.040257648953301126 0.05333333333333334
0 0.6231884057971014 0.4666666666666667 0.04669887278582931 0.05333333333333334
0 0.6578099838969405 0.45066666666666666 0.04830917874396135 0.07466666666666667
0 0.676731078904992 0.46266666666666667 0.0426731078904992 0.050666666666666665
0 0.6908212560386473 0.4573333333333333 0.037037037037037035 0.04533333333333334
