0 0.9557165861513688 0.7506666666666667 0.08695652173913043 0.49333333333333335
0 0.24235104669887278 0.7653333333333333 0.2431561996779388 0.448
2 0.6723027375201288 0.52 0.020933977455716585 0.18666666666666668
0 0.678743961352657 0.608 0.10305958132045089 0.23466666666666666
0 0.6388888888888888 0.564 0.071658615136876 0.15733333333333333
0 0.4210950080515298 0.5773333333333334 0.06924315619967794 0.16266666666666665
0 0.4464573268921095 0.552 0.04750402576489533 0.11733333333333333
0 0.6123188405797102 0.5466666666666666 0.050724637681159424 0.12266666666666666
0 0.46819645732689213 0.5306666666666666 0.03784219001610306 0.10666666666666667
0 0.500402576489533 0.5213333333333333 0.036231884057971016 0.08266666666666667
0 0.5668276972624798 0.5106666666666667 0.03864734299516908 0.06133333333333333
