0 0.16747181964573268 0.768 0.33494363929146537 0.45866666666666667
0 0.05636070853462158 0.78 0.11272141706924316 0.43466666666666665
0 0.40942028985507245 0.5826666666666667 0.061996779388083734 0.17333333333333334
0 0.44041867954911434 0.5493333333333333 0.037037037037037035 0.10666666666666667
0 0.4533011272141707 0.5066666666666667 0.030595813204508857 0.11733333333333333
0 0.5925925925925926 0.5466666666666666 0.10305958132045089 0.13333333333333333
0 0.5752818035426731 0.5373333333333333 0.08776167471819646 0.104
0 0.5462962962962963 0.5186666666666667 0.06360708534621579 0.088
0 0.46980676328502413 0.496 0.020128824476650563 0.06933333333333333
0 0.3526570048309179 0.6146666666666667 0.1288244766505636 0.3546666666666667
1 0.8377616747181964 0.564 0.0748792270531401 0.25866666666666666
