0 0.464573268921095 0.532 0.040257648953301126 0.104
0 0.17995169082125603 0.776 0.35990338164251207 0.44266666666666665
0 0.34299516908212563 0.6533333333333333 0.143317230273752 0.33066666666666666
0 0.25966183574879226 0.58 0.14090177133655393 0.21066666666666667
0 0.33735909822866345 0.5386666666666666 0.08856682769726248 0.10666666666666667
0 0.35909822866344604 0.5266666666666666 0.06924315619967794 0.104
0 0.3856682769726248 0.5186666666666667 0.061191626409017714 0.07733333333333334
0 0.4082125603864734 0.49066666666666664 0.0499194847020934 0.08
0 0.7781803542673108 0.49866666666666665 0.3679549114331723 0.9973333333333333
0 0.5559581320450886 0.5533333333333333 0.05877616747181964 0.152
0 0.5285829307568438 0.5253333333333333 0.039452495974235106 0.096
0 0.5157004830917874 0.452 0.04589371980676329 0.18933333333333333
0 0.14412238325281804 0.5426666666666666 0.09178743961352658 0.11466666666666667
0 0.464170692431562 0.5106666666666667 0.02818035426731079 0.08266666666666667
