0 0.5173107890499195 0.5906666666666667 0.06682769726247988 0.21066666666666667
0 0.645330112721417 0.556 0.11191626409017713 0.17866666666666667
0 0.5905797101449275 0.5346666666666666 0.06521739130434782 0.10933333333333334
0 0.5684380032206119 0.5226666666666666 0.057971014492753624 0.08
0 0.061191626409017714 0.672 0.12238325281803543 0.25066666666666665
0 0.3812399355877617 0.5426666666666666 0.04589371980676329 0.09866666666666667
0 0.4428341384863124 0.5173333333333333 0.027375201288244767 0.064
0 0.4746376811594203 0.504 0.018518518518518517 0.048
0 0.29106280193236717 0.5613333333333334 0.06682769726247988 0.10933333333333334
0 0.3280998389694042 0.536 0.04589371980676329 0.10666666666666667
0 0.37399355877616747 0.5226666666666666 0.036231884057971016 0.06933333333333333
0 0.4223027375201288 0.516 0.03462157809983897 0.050666666666666665
0 0.18719806763285024 0.5533333333333333 0.071658615136876 0.10933333333333334
0 0.178743961352657 0.536 0.07568438003220612 0.08
