0 0.49597423510466987 0.5213333333333333 0.03542673107890499 0.10933333333333334
0 0.8268921095008052 0.7133333333333334 0.24476650563607086 0.568
0 0.7234299516908212 0.628 0.19243156199677938 0.3333333333333333
0 0.6682769726247987 0.5706666666666667 0.1497584541062802 0.256
0 0.6409017713365539 0.556 0.10950080515297907 0.17866666666666667
0 0.6167471819645732 0.5346666666666666 0.10466988727858294 0.14133333333333334
0 0.428743961352657 0.49466666666666664 0.018518518518518517 0.04
0 0.3812399355877617 0.5266666666666666 0.03784219001610306 0.08266666666666667
0 0.5744766505636071 0.5066666666666667 0.071658615136876 0.096
0 0.5531400966183575 0.49866666666666665 0.057971014492753624 0.07466666666666667
0 0.537842190016103 0.4826666666666667 0.04669887278582931 0.06933333333333333
0 0.3824476650563607 0.49733333333333335 0.02576489533011272 0.056
0 0.3603059581320451 0.49066666666666664 0.016908212560386472 0.042666666666666665
