0 0.23953301127214172 0.7453333333333333 0.3196457326892109 0.504
0 0.8852657004830918 0.776 0.2278582930756844 0.44266666666666665
0 0.8003220611916264 0.732 0.3075684380032206 0.5306666666666666
0 0.9766505636070854 0.48533333333333334 0.04508856682769726 0.23466666666666666
0 0.9227053140096618 0.504 0.1529790660225443 0.304
0 0.8293075684380032 0.49466666666666664 0.17552334943639292 0.27466666666666667
0 0.3675523349436393 0.58 0.09259259259259259 0.20533333333333334
0 0.4057971014492754 0.5506666666666666 0.07085346215780998 0.152
0 0.7721417069243156 0.49733333333333335 0.08051529790660225 0.14133333333333334
0 0.714170692431562 0.496 0.07407407407407407 0.11733333333333333
0 0.6839774557165862 0.48933333333333334 0.06360708534621579 0.10933333333333334
0 0.5764895330112721 0.5213333333333333 0.04669887278582931 0.12
0 0.44847020933977455 0.5093333333333333 0.04186795491143317 0.10133333333333333
0 0.4609500805152979 0.48533333333333334 0.036231884057971016 0.10666666666666667
0 0.6159420289855072 0.468 0.0499194847020934 0.072
0 0.533011272141707 0.44666666666666666 0.037037037037037035 0.12533333333333332
