0 0.5136876006441223 0.5973333333333334 0.08695652173913043 0.272
0 0.7254428341384863 0.616 0.18357487922705315 0.33066666666666666
0 0.5933977455716586 0.5053333333333333 0.07729468599033816 0.11466666666666667
0 0.5644122383252818 0.49333333333333335 0.0499194847020934 0.08
0 0.5511272141706924 0.4866666666666667 0.04589371980676329 0.06133333333333333
0 0.08695652173913043 0.5933333333333334 0.16747181964573268 0.232
0 0.22302737520128824 0.56 0.08856682769726248 0.128
0 0.34098228663446056 0.5106666666666667 0.04428341384863124 0.07733333333333334
0 0.36312399355877617 0.49733333333333335 0.0322061191626409 0.08266666666666667
0 0.3961352657004831 0.48933333333333334 0.030595813204508857 0.056
0 0.4327697262479871 0.48533333333333334 0.02818035426731079 0.042666666666666665
0 0.26570048309178745 0.5066666666666667 0.04830917874396135 0.08
0 0.03180354267310789 0.5706666666666667 0.06360708534621579 0.17066666666666666
