0 0.2000805152979066 0.772 0.2971014492753623 0.45066666666666666
0 0.3442028985507246 0.6626666666666666 0.14090177133655393 0.30666666666666664
0 0.678341384863124 0.64 0.1247987117552335 0.3413333333333333
0 0.41304347826086957 0.556 0.057971014492753624 0.168
0 0.428743961352657 0.5413333333333333 0.06038647342995169 0.11733333333333333
0 0.5028180354267311 0.4693333333333333 0.05233494363929147 0.058666666666666666
0 0.6674718196457327 0.5826666666666667 0.09178743961352658 0.216
0 0.7065217391304348 0.5373333333333333 0.0893719806763285 0.17866666666666667
0 0.644524959742351 0.496 0.09581320450885668 0.11733333333333333
0 0.8973429951690821 0.49866666666666665 0.09903381642512077 0.13866666666666666
0 0.8256843800322061 0.476 0.08132045088566828 0.088
