0 0.5269726247987118 0.6533333333333333 0.12318840579710146 0.384
0 0.8816425120772947 0.72 0.23510466988727857 0.5546666666666666
0 0.6147342995169082 0.5186666666666667 0.09259259259259259 0.136
0 0.5760869565217391 0.504 0.05555555555555555 0.09066666666666667
0 0.5599838969404187 0.496 0.050724637681159424 0.06933333333333333
0 0.030998389694041867 0.636 0.061996779388083734 0.27466666666666667
0 0.48429951690821255 0.47733333333333333 0.016908212560386472 0.037333333333333336
0 0.15217391304347827 0.5973333333333334 0.12721417069243157 0.17066666666666666
0 0.32326892109500804 0.524 0.05394524959742351 0.088
0 0.3498389694041868 0.5066666666666667 0.03784219001610306 0.09066666666666667
0 0.3888888888888889 0.49733333333333335 0.033816425120772944 0.06133333333333333
0 0.42995169082125606 0.48933333333333334 0.030595813204508857 0.04533333333333334
0 0.23550724637681159 0.52 0.05877616747181964 0.09066666666666667
0 0.22423510466988728 0.5053333333333333 0.061996779388083734 0.06666666666666667
