0 0.04589371980676329 0.7973333333333333 0.09178743961352658 0.4
0 0.9440418679549114 0.596 0.11030595813204509 0.392
0 0.21739130434782608 0.6666666666666666 0.1706924315619968 0.2773333333333333
0 0.8164251207729468 0.7426666666666667 0.322061191626409 0.5093333333333333
0 0.6537842190016103 0.6186666666666667 0.12721417069243157 0.29333333333333333
0 0.30917874396135264 0.596 0.0821256038647343 0.17866666666666667
0 0.5841384863123994 0.5493333333333333 0.061996779388083734 0.13866666666666666
0 0.37318840579710144 0.5533333333333333 0.05555555555555555 0.11466666666666667
0 0.5615942028985508 0.5373333333333333 0.04911433172302738 0.10933333333333334
0 0.41304347826086957 0.5173333333333333 0.028985507246376812 0.07466666666666667
0 0.5418679549114331 0.5173333333333333 0.033816425120772944 0.08533333333333333
0 0.4609500805152979 0.4866666666666667 0.036231884057971016 0.04533333333333334
