0 0.4367954911433172 0.5106666666666667 0.018518518518518517 0.056
0 0.20853462157809985 0.5133333333333333 0.04508856682769726 0.07733333333333334
0 0.24194847020933977 0.5133333333333333 0.039452495974235106 0.06133333333333333
0 0.8329307568438004 0.5613333333333334 0.0748792270531401 0.088
0 0.2713365539452496 0.5106666666666667 0.0322061191626409 0.056
0 0.4496779388083736 0.5 0.016908212560386472 0.04533333333333334
0 0.4754428341384863 0.544 0.0426731078904992 0.13866666666666666
0 0.1606280193236715 0.5253333333333333 0.05877616747181964 0.08
1 0.7101449275362319 0.5493333333333333 0.020933977455716585 0.112
0 0.8981481481481481 0.5626666666666666 0.061996779388083734 0.08
