1 0.9473039215686274 0.6297297297297297 0.04656862745098039 0.31351351351351353
2 0.028186274509803922 0.6418918918918919 0.051470588235294115 0.44054054054054054
2 0.17401960784313725 0.6972972972972973 0.0784313725490196 0.6
1 0.7071078431372549 0.6418918918918919 0.06944444444444445 0.33783783783783783
1 0.8361928104575164 0.6027027027027027 0.031862745098039214 0.17297297297297298
2 0.49836601307189543 0.5243243243243243 0.00980392156862745 0.11351351351351352
2 0.511437908496732 0.5216216216216216 0.011437908496732025 0.0972972972972973
1 0.7303921568627451 0.5635135135135135 0.032679738562091505 0.11081081081081082
2 0.795751633986928 0.5513513513513514 0.011437908496732025 0.10810810810810811
2 0.8186274509803921 0.5864864864864865 0.017973856209150325 0.11351351351351352
