0 0.9730273752012882 0.608 0.05233494363929147 0.4053333333333333
0 0.1892109500805153 0.6866666666666666 0.1964573268921095 0.312
0 0.8397745571658615 0.744 0.3188405797101449 0.5066666666666667
0 0.6714975845410628 0.6373333333333333 0.14653784219001612 0.33066666666666666
0 0.2971014492753623 0.604 0.09017713365539452 0.18933333333333333
0 0.5889694041867954 0.5546666666666666 0.06682769726247988 0.14933333333333335
0 0.3679549114331723 0.556 0.05958132045088567 0.12
0 0.5648148148148148 0.54 0.05233494363929147 0.11466666666666667
0 0.4106280193236715 0.5173333333333333 0.028985507246376812 0.07466666666666667
0 0.5434782608695652 0.516 0.03542673107890499 0.088
0 0.4561191626409018 0.48933333333333334 0.03784219001610306 0.04533333333333334
