0 0.177938808373591 0.6053333333333333 0.09178743961352658 0.16
0 0.41988727858293073 0.49866666666666665 0.02818035426731079 0.08533333333333333
0 0.3679549114331723 0.48133333333333334 0.03864734299516908 0.09866666666666667
0 0.32971014492753625 0.5413333333333333 0.050724637681159424 0.10666666666666667
0 0.27093397745571657 0.5533333333333333 0.0571658615136876 0.104
1 0.2431561996779388 0.5653333333333334 0.037037037037037035 0.18133333333333335
2 0.38164251207729466 0.5053333333333333 0.00644122383252818 0.06133333333333333
0 0.9303542673107891 0.512 0.13768115942028986 0.2826666666666667
0 0.25442834138486314 0.5146666666666667 0.05152979066022544 0.05333333333333334
0 0.7922705314009661 0.44133333333333336 0.028985507246376812 0.050666666666666665
