0 0.26288244766505636 0.6293333333333333 0.12318840579710146 0.23466666666666666
0 0.3252818035426731 0.5813333333333334 0.07729468599033816 0.15466666666666667
0 0.35829307568438 0.5586666666666666 0.05314009661835749 0.12
0 0.3832528180354267 0.54 0.043478260869565216 0.09333333333333334
0 0.6916264090177133 0.468 0.09822866344605476 0.12533333333333332
0 0.6549919484702094 0.468 0.071658615136876 0.104
0 0.9677938808373591 0.4026666666666667 0.06280193236714976 0.11733333333333333
0 0.9472624798711755 0.41333333333333333 0.10386473429951691 0.11733333333333333
0 0.9243156199677939 0.42 0.11594202898550725 0.09866666666666667
0 0.894927536231884 0.41733333333333333 0.10547504025764895 0.09333333333333334
0 0.40901771336553944 0.5253333333333333 0.03542673107890499 0.07466666666666667
0 0.5539452495974235 0.5053333333333333 0.03542673107890499 0.09333333333333334
