0 0.6533816425120773 0.6266666666666667 0.1570048309178744 0.3893333333333333
0 0.03784219001610306 0.7493333333333333 0.07568438003220612 0.496
0 0.1111111111111111 0.704 0.2222222222222222 0.416
0 0.13365539452495975 0.6466666666666666 0.26570048309178745 0.30133333333333334
0 0.1960547504025765 0.6013333333333334 0.19082125603864733 0.24266666666666667
0 0.2745571658615137 0.544 0.1723027375201288 0.22933333333333333
0 0.24758454106280192 0.58 0.15217391304347827 0.22666666666666666
0 0.5962157809983897 0.5786666666666667 0.0861513687600644 0.192
0 0.29307568438003223 0.5346666666666666 0.12077294685990338 0.19466666666666665
0 0.32930756843800324 0.5293333333333333 0.1143317230273752 0.14133333333333334
0 0.5362318840579711 0.516 0.033816425120772944 0.088
0 0.5680354267310789 0.5466666666666666 0.05877616747181964 0.14933333333333335
