0 0.4927536231884058 0.544 0.04508856682769726 0.12266666666666666
0 0.19162640901771336 0.672 0.18357487922705315 0.37866666666666665
0 0.2749597423510467 0.6093333333333333 0.1537842190016103 0.264
0 0.3534621578099839 0.5493333333333333 0.10950080515297907 0.14933333333333335
0 0.37318840579710144 0.5333333333333333 0.0861513687600644 0.13333333333333333
0 0.39533011272141705 0.524 0.06924315619967794 0.09333333333333334
0 0.41304347826086957 0.48533333333333334 0.07890499194847021 0.13866666666666666
0 0.8405797101449275 0.708 0.3172302737520129 0.5786666666666667
2 0.5913848631239935 0.544 0.018518518518518517 0.15466666666666667
0 0.7665056360708534 0.5546666666666666 0.14170692431561996 0.18133333333333335
0 0.48993558776167473 0.5146666666666667 0.02818035426731079 0.08533333333333333
0 0.033011272141706925 0.6306666666666667 0.06602254428341385 0.30666666666666664
0 0.11312399355877617 0.6093333333333333 0.16022544283413848 0.24266666666666667
0 0.9126409017713365 0.512 0.17310789049919484 0.26666666666666666
0 0.20974235104669886 0.504 0.07326892109500806 0.112
0 0.34339774557165864 0.472 0.04428341384863124 0.10666666666666667
