0 0.06924315619967794 0.696 0.13848631239935588 0.22933333333333333
0 0.4025764895330113 0.5466666666666666 0.0322061191626409 0.096
0 0.35144927536231885 0.5293333333333333 0.039452495974235106 0.104
0 0.2882447665056361 0.6066666666666667 0.06763285024154589 0.14133333333333334
0 0.22383252818035426 0.6146666666666667 0.07246376811594203 0.13066666666666665
1 0.13365539452495975 0.648 0.0644122383252818 0.2613333333333333
2 0.37077294685990336 0.5466666666666666 0.007246376811594203 0.064
0 0.9629629629629629 0.5733333333333334 0.07246376811594203 0.3253333333333333
0 0.22987117552334943 0.5653333333333334 0.05555555555555555 0.058666666666666666
0 0.7709339774557166 0.48933333333333334 0.03140096618357488 0.056
