0 0.16867954911433172 0.744 0.250402576489533 0.4533333333333333
0 0.5684380032206119 0.5546666666666666 0.0644122383252818 0.16533333333333333
0 0.24879227053140096 0.552 0.1111111111111111 0.13866666666666666
0 0.6396940418679549 0.6186666666666667 0.10869565217391304 0.256
0 0.5515297906602254 0.5333333333333333 0.043478260869565216 0.12266666666666666
0 0.3884863123993559 0.5453333333333333 0.04911433172302738 0.11466666666666667
0 0.40660225442834136 0.5133333333333333 0.03864734299516908 0.10933333333333334
0 0.714975845410628 0.72 0.20611916264090177 0.43733333333333335
0 0.42351046698872785 0.5093333333333333 0.030595813204508857 0.09066666666666667
0 0.5237520128824477 0.4693333333333333 0.033011272141706925 0.11733333333333333
0 0.44041867954911434 0.5013333333333333 0.017713365539452495 0.037333333333333336
