0 0.5056360708534622 0.5453333333333333 0.0499194847020934 0.136
0 0.22705314009661837 0.6853333333333333 0.2028985507246377 0.4266666666666667
0 0.2834138486312399 0.6093333333333333 0.1529790660225443 0.2693333333333333
0 0.38808373590982287 0.5386666666666666 0.09822866344605476 0.13333333333333333
0 0.40901771336553944 0.5106666666666667 0.06280193236714976 0.09866666666666667
0 0.4214975845410628 0.5066666666666667 0.061996779388083734 0.09066666666666667
0 0.4557165861513688 0.46266666666666667 0.04830917874396135 0.08266666666666667
0 0.7330917874396136 0.6333333333333333 0.19082125603864733 0.37066666666666664
2 0.6272141706924316 0.5973333333333334 0.0322061191626409 0.25066666666666665
0 0.6364734299516909 0.568 0.08454106280193237 0.176
0 0.6018518518518519 0.5413333333333333 0.05877616747181964 0.128
0 0.5861513687600645 0.512 0.05152979066022544 0.128
2 0.5563607085346216 0.496 0.011272141706924315 0.08
0 0.0748792270531401 0.6373333333333333 0.1497584541062802 0.29333333333333333
0 0.5044283413848631 0.49866666666666665 0.029790660225442835 0.09066666666666667
0 0.1855877616747182 0.58 0.13285024154589373 0.19466666666666665
0 0.7238325281803543 0.4826666666666667 0.0998389694041868 0.128
