0 0.49114331723027377 0.5026666666666667 0.01932367149758454 0.06133333333333333
0 0.8289049919484702 0.744 0.34057971014492755 0.5066666666666667
0 0.44806763285024154 0.5133333333333333 0.02818035426731079 0.07733333333333334
0 0.6107085346215781 0.588 0.0861513687600644 0.21066666666666667
0 0.5764895330112721 0.5546666666666666 0.06763285024154589 0.176
0 0.5611916264090178 0.5293333333333333 0.04669887278582931 0.14666666666666667
0 0.5402576489533011 0.5213333333333333 0.03542673107890499 0.09333333333333334
0 0.5241545893719807 0.5026666666666667 0.020933977455716585 0.06133333333333333
0 0.35950080515297905 0.5146666666666667 0.04589371980676329 0.058666666666666666
0 0.29871175523349436 0.5186666666666667 0.05152979066022544 0.06133333333333333
2 0.606280193236715 0.5066666666666667 0.017713365539452495 0.14933333333333335
