0 0.03864734299516908 0.7493333333333333 0.07729468599033816 0.496
0 0.1179549114331723 0.6426666666666667 0.2359098228663446 0.3413333333333333
0 0.16465378421900162 0.572 0.24074074074074073 0.33866666666666667
1 0.40096618357487923 0.5413333333333333 0.020933977455716585 0.14933333333333335
0 0.9098228663446055 0.7493333333333333 0.178743961352657 0.496
0 0.8727858293075684 0.6733333333333333 0.2431561996779388 0.36
0 0.7874396135265701 0.6306666666666667 0.23993558776167473 0.2906666666666667
0 0.7181964573268921 0.5986666666666667 0.1964573268921095 0.21066666666666667
0 0.6904186795491143 0.5613333333333334 0.15217391304347827 0.216
0 0.31521739130434784 0.5493333333333333 0.11835748792270531 0.128
0 0.34098228663446056 0.536 0.09742351046698873 0.112
0 0.5281803542673108 0.524 0.040257648953301126 0.09866666666666667
0 0.5092592592592593 0.504 0.023349436392914653 0.064
0 0.4923510466988728 0.47333333333333333 0.013687600644122383 0.050666666666666665
