0 0.8518518518518519 0.7533333333333333 0.2946859903381642 0.488
0 0.32930756843800324 0.5333333333333333 0.09017713365539452 0.11733333333333333
2 0.3494363929146538 0.532 0.014492753623188406 0.16266666666666665
1 0.7962962962962963 0.5506666666666666 0.09017713365539452 0.216
0 0.5495169082125604 0.49466666666666664 0.07004830917874397 0.088
0 0.7242351046698873 0.484 0.07971014492753623 0.07733333333333334
0 0.9388083735909822 0.468 0.08856682769726248 0.104
0 0.43196457326892107 0.5106666666666667 0.0571658615136876 0.07733333333333334
0 0.213768115942029 0.528 0.06682769726247988 0.08533333333333333
0 0.46819645732689213 0.4866666666666667 0.020128824476650563 0.04533333333333334
0 0.4392109500805153 0.492 0.023349436392914653 0.04533333333333334
