0 0.15217391304347827 0.7706666666666667 0.30434782608695654 0.4533333333333333
0 0.8240740740740741 0.744 0.3502415458937198 0.5066666666666667
0 0.6525764895330113 0.6453333333333333 0.16022544283413848 0.31466666666666665
0 0.30636070853462155 0.676 0.14895330112721417 0.296
0 0.35990338164251207 0.5933333333333334 0.07246376811594203 0.184
0 0.392109500805153 0.5706666666666667 0.057971014492753624 0.13866666666666666
0 0.5978260869565217 0.5733333333333334 0.0861513687600644 0.18666666666666668
0 0.573268921095008 0.544 0.05475040257648953 0.13866666666666666
0 0.7423510466988728 0.48933333333333334 0.09017713365539452 0.136
0 0.5277777777777778 0.512 0.029790660225442835 0.06933333333333333
0 0.4915458937198068 0.5093333333333333 0.0249597423510467 0.048
0 0.4665861513687601 0.5 0.029790660225442835 0.04
1 0.4327697262479871 0.49866666666666665 0.012077294685990338 0.048
