0 0.5459307010475423 0.5199468085106383 0.0346494762288477 0.08776595744680851
0 0.5108783239323127 0.4933510638297872 0.017727639000805803 0.04521276595744681
0 0.32151490733279614 0.589095744680851 0.10475423045930701 0.22606382978723405
0 0.16962127316680098 0.589095744680851 0.13940370668815472 0.2047872340425532
0 0.2763900080580177 0.5292553191489362 0.06768734891216761 0.1595744680851064
0 0.4000805801772764 0.5305851063829787 0.04593070104754231 0.10372340425531915
0 0.33360193392425463 0.5132978723404256 0.05962933118452861 0.12234042553191489
0 0.42949234488315874 0.5132978723404256 0.030620467365028204 0.07446808510638298
0 0.4927477840451249 0.5093085106382979 0.028203062046736505 0.08776595744680851
0 0.3734891216760677 0.5106382978723404 0.0362610797743755 0.07446808510638298
0 0.44399677679290894 0.49601063829787234 0.016116035455278 0.04521276595744681
0 0.3835616438356164 0.4946808510638298 0.030620467365028204 0.0797872340425532
