0 0.537842190016103 0.7066666666666667 0.15619967793880837 0.48533333333333334
0 0.9480676328502415 0.724 0.10225442834138486 0.5466666666666666
0 0.6256038647342995 0.5226666666666666 0.09822866344605476 0.14933333333333335
0 0.5825281803542673 0.508 0.05877616747181964 0.09333333333333334
0 0.5636070853462157 0.5 0.05314009661835749 0.072
0 0.4528985507246377 0.492 0.021739130434782608 0.050666666666666665
0 0.11755233494363929 0.6106666666666667 0.14814814814814814 0.192
0 0.49476650563607083 0.47733333333333333 0.018518518518518517 0.037333333333333336
0 0.3144122383252818 0.5293333333333333 0.05877616747181964 0.09333333333333334
0 0.3446054750402576 0.508 0.040257648953301126 0.09333333333333334
0 0.3856682769726248 0.49866666666666665 0.03542673107890499 0.064
0 0.42995169082125606 0.492 0.030595813204508857 0.04533333333333334
0 0.22262479871175522 0.5226666666666666 0.061996779388083734 0.096
0 0.21296296296296297 0.5106666666666667 0.06521739130434782 0.072
