2 0.659935379644588 0.6858288770053476 0.050080775444264945 0.4679144385026738
2 0.2718093699515347 0.6764705882352942 0.05088852988691438 0.44385026737967914
2 0.17932148626817448 0.6684491978609626 0.05815831987075929 0.41711229946524064
2 0.8913570274636511 0.6711229946524064 0.07350565428109855 0.5080213903743316
2 0.8239095315024233 0.6885026737967914 0.06623586429725363 0.5
2 0.5319063004846527 0.5641711229946524 0.023424878836833602 0.21390374331550802
2 0.648626817447496 0.679144385026738 0.05331179321486268 0.3850267379679144
2 0.5977382875605816 0.6510695187165776 0.035541195476575124 0.32887700534759357
2 0.5791599353796446 0.6283422459893048 0.030694668820678513 0.2887700534759358
2 0.6474151857835219 0.5975935828877005 0.049273021001615507 0.2807486631016043
2 0.6054119547657512 0.6310160427807486 0.03150242326332795 0.28342245989304815
2 0.6567043618739903 0.5494652406417112 0.03877221324717286 0.22727272727272727
0 0.45920840064620355 0.536096256684492 0.04281098546042003 0.10962566844919786
