0 0.19685990338164253 0.756 0.2632850241545894 0.4826666666666667
0 0.7721417069243156 0.7333333333333333 0.3059581320450886 0.528
0 0.6276167471819646 0.6013333333333334 0.13446054750402575 0.2693333333333333
0 0.3248792270531401 0.6253333333333333 0.1247987117552335 0.248
0 0.3671497584541063 0.568 0.06602254428341385 0.16533333333333333
0 0.3965378421900161 0.54 0.05394524959742351 0.12533333333333332
0 0.5865539452495975 0.5466666666666666 0.07648953301127215 0.17066666666666666
0 0.5656199677938808 0.5173333333333333 0.050724637681159424 0.128
0 0.7270531400966184 0.46 0.0853462157809984 0.13066666666666665
0 0.5245571658615137 0.48933333333333334 0.029790660225442835 0.06666666666666667
0 0.4891304347826087 0.48533333333333334 0.023349436392914653 0.048
0 0.464573268921095 0.4786666666666667 0.028985507246376812 0.04
1 0.4355877616747182 0.48133333333333334 0.01288244766505636 0.04533333333333334
