0 0.10587761674718196 0.66 0.21175523349436393 0.376
0 0.13768115942028986 0.5826666666666667 0.2640901771336554 0.36533333333333334
1 0.39492753623188404 0.5493333333333333 0.023349436392914653 0.16
0 0.9343800322061192 0.7533333333333333 0.12962962962962962 0.488
0 0.8896940418679549 0.6986666666666667 0.21900161030595813 0.4053333333333333
0 0.8152173913043478 0.648 0.2648953301127214 0.32
0 0.7338969404186796 0.608 0.21175523349436393 0.22933333333333333
0 0.7016908212560387 0.568 0.16183574879227053 0.22933333333333333
0 0.3075684380032206 0.552 0.12399355877616747 0.13333333333333333
0 0.33454106280193235 0.5386666666666666 0.10225442834138486 0.11733333333333333
0 0.5285829307568438 0.5253333333333333 0.04106280193236715 0.10133333333333333
0 0.5092592592592593 0.504 0.023349436392914653 0.064
0 0.4915458937198068 0.472 0.013687600644122383 0.05333333333333334
