0 0.4963768115942029 0.524 0.03462157809983897 0.10933333333333334
0 0.05555555555555555 0.6293333333333333 0.1111111111111111 0.26666666666666666
0 0.8023349436392915 0.664 0.20531400966183574 0.44266666666666665
0 0.7250402576489533 0.6026666666666667 0.16988727858293076 0.288
0 0.6497584541062802 0.572 0.1320450885668277 0.20533333333333334
0 0.6159420289855072 0.544 0.10789049919484701 0.18133333333333335
0 0.604669887278583 0.5346666666666666 0.09822866344605476 0.14133333333333334
0 0.5881642512077294 0.5213333333333333 0.0861513687600644 0.13066666666666665
0 0.428743961352657 0.5026666666666667 0.018518518518518517 0.04533333333333334
0 0.5402576489533011 0.492 0.04508856682769726 0.056
0 0.5314009661835749 0.4826666666666667 0.03864734299516908 0.058666666666666666
0 0.4029790660225443 0.49333333333333335 0.020128824476650563 0.048
