0 0.13405797101449277 0.76 0.26811594202898553 0.4746666666666667
0 0.9186795491143317 0.7706666666666667 0.1610305958132045 0.4533333333333333
0 0.28421900161030594 0.6253333333333333 0.13043478260869565 0.24266666666666667
0 0.7661030595813204 0.708 0.21980676328502416 0.42933333333333334
0 0.3442028985507246 0.5773333333333334 0.0893719806763285 0.16266666666666665
0 0.6517713365539453 0.5986666666666667 0.11835748792270531 0.248
0 0.4210950080515298 0.52 0.03542673107890499 0.08533333333333333
0 0.6090982286634461 0.56 0.071658615136876 0.17066666666666666
0 0.5893719806763285 0.5346666666666666 0.0499194847020934 0.13066666666666665
0 0.5740740740740741 0.5213333333333333 0.043478260869565216 0.104
