0 0.4834943639291465 0.49866666666666665 0.020128824476650563 0.064
0 0.39492753623188404 0.5693333333333334 0.06682769726247988 0.16266666666666665
0 0.8405797101449275 0.7466666666666667 0.3172302737520129 0.5013333333333333
0 0.6823671497584541 0.6813333333333333 0.1892109500805153 0.43466666666666665
0 0.6111111111111112 0.5946666666666667 0.09339774557165861 0.2773333333333333
0 0.5583735909822867 0.544 0.05555555555555555 0.13866666666666666
0 0.5257648953301127 0.512 0.027375201288244767 0.08
0 0.5438808373590982 0.528 0.04106280193236715 0.11733333333333333
0 0.3188405797101449 0.524 0.05958132045088567 0.072
0 0.2427536231884058 0.5266666666666666 0.06682769726247988 0.07733333333333334
0 0.5136876006441223 0.496 0.01932367149758454 0.05333333333333334
2 0.6574074074074074 0.5386666666666666 0.023349436392914653 0.24533333333333332
