0 0.11191626409017713 0.64 0.12399355877616747 0.19733333333333333
0 0.40942028985507245 0.5226666666666666 0.03140096618357488 0.09066666666666667
0 0.35829307568438 0.504 0.03864734299516908 0.10133333333333333
0 0.30676328502415456 0.572 0.05958132045088567 0.12533333333333332
0 0.24436392914653784 0.5813333333333334 0.06682769726247988 0.11733333333333333
1 0.18156199677938809 0.6026666666666667 0.050724637681159424 0.224
2 0.37600644122383253 0.5253333333333333 0.008051529790660225 0.064
0 0.9500805152979066 0.5866666666666667 0.09822866344605476 0.30933333333333335
0 0.23953301127214172 0.5346666666666666 0.05394524959742351 0.056
0 0.7801932367149759 0.48 0.030595813204508857 0.05333333333333334
