2 0.962843295638126 0.6577540106951871 0.07269789983844911 0.679144385026738
2 0.6167205169628432 0.6711229946524064 0.05896607431340872 0.5133689839572193
1 0.11995153473344103 0.6911764705882353 0.23990306946688206 0.6122994652406417
2 0.7920032310177706 0.5508021390374331 0.049273021001615507 0.44385026737967914
2 0.8521809369951535 0.5588235294117647 0.04038772213247173 0.39037433155080214
2 0.231421647819063 0.7941176470588235 0.0864297253634895 0.40641711229946526
2 0.2665589660743134 0.7713903743315508 0.06623586429725363 0.35561497326203206
2 0.33481421647819065 0.6296791443850267 0.05411954765751212 0.20053475935828877
2 0.2782714054927302 0.7459893048128342 0.07027463651050081 0.3155080213903743
2 0.4111470113085622 0.5387700534759359 0.014539579967689823 0.18449197860962566
2 0.39337641357027464 0.5494652406417112 0.01615508885298869 0.17379679144385027
2 0.4620355411954766 0.5374331550802139 0.017770597738287562 0.17647058823529413
2 0.48021001615508885 0.5106951871657754 0.015347334410339256 0.13368983957219252
2 0.4939418416801292 0.5347593582887701 0.015347334410339256 0.1711229946524064
0 0.4317447495961228 0.49331550802139035 0.023424878836833602 0.06149732620320856
2 0.4079159935379645 0.5334224598930482 0.017770597738287562 0.16844919786096257
