0 0.5056360708534622 0.54 0.0499194847020934 0.136
0 0.11030595813204509 0.736 0.22061191626409019 0.5226666666666666
0 0.21537842190016104 0.6706666666666666 0.18438003220611915 0.38666666666666666
0 0.3687600644122383 0.5546666666666666 0.1143317230273752 0.16
0 0.39814814814814814 0.5213333333333333 0.07004830917874397 0.11466666666666667
0 0.41264090177133655 0.516 0.06843800322061191 0.09866666666666667
0 0.45088566827697263 0.46266666666666667 0.05152979066022544 0.088
0 0.8417874396135265 0.7253333333333334 0.3148148148148148 0.544
2 0.6719001610305958 0.6426666666666667 0.04750402576489533 0.336
0 0.6698872785829307 0.6013333333333334 0.11272141706924316 0.22133333333333333
0 0.6199677938808373 0.5626666666666666 0.07246376811594203 0.14933333333333335
0 0.5970209339774557 0.5226666666666666 0.06038647342995169 0.144
2 0.5607890499194848 0.5013333333333333 0.008856682769726247 0.08533333333333333
0 0.20853462157809985 0.568 0.13526570048309178 0.18666666666666668
0 0.2826086956521739 0.536 0.08373590982286634 0.13333333333333333
0 0.5036231884057971 0.49466666666666664 0.029790660225442835 0.088
0 0.09541062801932366 0.612 0.1892109500805153 0.25866666666666666
0 0.7423510466988728 0.4866666666666667 0.10950080515297907 0.14133333333333334
0 0.12761674718196458 0.5333333333333333 0.09581320450885668 0.144
