0 0.49516908212560384 0.5253333333333333 0.03864734299516908 0.12266666666666666
0 0.8904991948470209 0.7426666666666667 0.21739130434782608 0.5093333333333333
0 0.35950080515297905 0.536 0.04589371980676329 0.09066666666666667
0 0.645330112721417 0.5493333333333333 0.12962962962962962 0.192
0 0.5909822866344605 0.5293333333333333 0.09339774557165861 0.12533333333333332
0 0.5543478260869565 0.49066666666666664 0.06521739130434782 0.10133333333333333
0 0.34299516908212563 0.5106666666666667 0.03864734299516908 0.07733333333333334
0 0.36272141706924316 0.49866666666666665 0.029790660225442835 0.064
0 0.40700483091787437 0.49466666666666664 0.020128824476650563 0.04
0 0.3188405797101449 0.5026666666666667 0.024154589371980676 0.056
0 0.1388888888888889 0.5093333333333333 0.03140096618357488 0.064
