0 0.06239935587761675 0.7106666666666667 0.1247987117552335 0.5733333333333334
0 0.2966988727858293 0.6266666666666667 0.17149758454106281 0.368
0 0.855475040257649 0.7306666666666667 0.28743961352657005 0.5333333333333333
0 0.714170692431562 0.6666666666666666 0.15942028985507245 0.37333333333333335
0 0.5132850241545893 0.5386666666666666 0.08132045088566828 0.15466666666666667
0 0.6682769726247987 0.5813333333333334 0.07085346215780998 0.21333333333333335
0 0.8699677938808373 0.45466666666666666 0.09581320450885668 0.168
0 0.7954911433172303 0.46 0.0821256038647343 0.14666666666666667
0 0.5555555555555556 0.492 0.04186795491143317 0.088
0 0.6566022544283414 0.424 0.03784219001610306 0.112
