2 0.6615508885298869 0.6898395721925134 0.06623586429725363 0.5775401069518716
2 0.8117932148626817 0.5574866310160428 0.050080775444264945 0.4839572192513369
2 0.9176090468497576 0.5748663101604278 0.03715670436187399 0.45454545454545453
2 0.19466882067851374 0.8021390374331551 0.10662358642972536 0.39037433155080214
2 0.23788368336025847 0.8008021390374331 0.07996768982229402 0.393048128342246
2 0.3255250403877221 0.6443850267379679 0.05977382875605816 0.2192513368983957
2 0.25363489499192243 0.7820855614973262 0.0840064620355412 0.3663101604278075
2 0.41518578352180935 0.5441176470588235 0.017770597738287562 0.20053475935828877
2 0.3953957996768982 0.5441176470588235 0.020193861066235864 0.18983957219251338
2 0.4668820678513732 0.5307486631016043 0.01938610662358643 0.18449197860962566
2 0.48747980613893377 0.5040106951871658 0.015347334410339256 0.13636363636363635
2 0.5020193861066236 0.5280748663101604 0.015347334410339256 0.17379679144385027
2 0.5601777059773829 0.5 0.015347334410339256 0.15508021390374332
0 0.4378029079159935 0.4839572192513369 0.024232633279483037 0.06417112299465241
2 0.3994345718901454 0.5267379679144385 0.033117932148626815 0.17647058823529413
2 0.5193861066235864 0.5200534759358288 0.014539579967689823 0.15775401069518716
