0 0.3115942028985507 0.7213333333333334 0.23349436392914655 0.4666666666666667
0 0.8526570048309179 0.7666666666666667 0.29307568438003223 0.4613333333333333
0 0.7544283413848631 0.7346666666666667 0.23027375201288244 0.504
0 0.964975845410628 0.49333333333333335 0.06843800322061191 0.224
0 0.9166666666666666 0.488 0.16505636070853463 0.2773333333333333
0 0.8156199677938808 0.5026666666666667 0.15619967793880837 0.248
0 0.39331723027375204 0.5733333333333334 0.07971014492753623 0.18666666666666668
0 0.427938808373591 0.5466666666666666 0.06682769726247988 0.13866666666666666
0 0.7177938808373591 0.504 0.071658615136876 0.112
0 0.6924315619967794 0.5 0.061191626409017714 0.104
0 0.5869565217391305 0.5253333333333333 0.043478260869565216 0.112
0 0.46578099838969406 0.5093333333333333 0.039452495974235106 0.096
0 0.4774557165861514 0.49466666666666664 0.033816425120772944 0.104
0 0.6284219001610306 0.476 0.04911433172302738 0.072
0 0.5466988727858293 0.456 0.037037037037037035 0.12266666666666666
