0 0.48993558776167473 0.508 0.018518518518518517 0.06133333333333333
0 0.8349436392914654 0.768 0.3285024154589372 0.45866666666666667
0 0.6823671497584541 0.6813333333333333 0.17632850241545894 0.38133333333333336
0 0.4533011272141707 0.516 0.02254428341384863 0.06133333333333333
0 0.5829307568438004 0.5653333333333334 0.06280193236714976 0.16
0 0.5603864734299517 0.5426666666666666 0.05314009661835749 0.14133333333333334
0 0.53341384863124 0.512 0.03140096618357488 0.08
0 0.36835748792270534 0.5146666666666667 0.0426731078904992 0.05333333333333334
0 0.31199677938808373 0.5186666666666667 0.04750402576489533 0.056
2 0.5917874396135265 0.508 0.014492753623188406 0.13066666666666665
