1 0.286231884057971 0.68 0.071658615136876 0.37333333333333335
0 0.8993558776167472 0.752 0.1996779388083736 0.49066666666666664
0 0.8691626409017713 0.6546666666666666 0.26006441223832527 0.47733333333333333
0 0.22061191626409019 0.5866666666666667 0.1932367149758454 0.20266666666666666
0 0.2725442834138486 0.572 0.15056360708534622 0.168
0 0.3103864734299517 0.5426666666666666 0.09259259259259259 0.13066666666666665
0 0.5458937198067633 0.5466666666666666 0.05958132045088567 0.144
0 0.3615136876006441 0.5186666666666667 0.07246376811594203 0.09333333333333334
0 0.5148953301127214 0.49866666666666665 0.02818035426731079 0.08
0 0.49355877616747185 0.46266666666666667 0.014492753623188406 0.056
