1 0.9855072463768116 0.6813333333333333 0.027375201288244767 0.632
2 0.6815619967793881 0.5933333333333334 0.036231884057971016 0.4026666666666667
2 0.961755233494364 0.6373333333333333 0.061996779388083734 0.4266666666666667
2 0.12238325281803543 0.5986666666666667 0.037037037037037035 0.2853333333333333
2 0.18276972624798712 0.5973333333333334 0.033816425120772944 0.30933333333333335
2 0.08816425120772947 0.6106666666666667 0.0426731078904992 0.13866666666666666
1 0.37359098228663445 0.528 0.030595813204508857 0.17066666666666666
0 0.44565217391304346 0.4866666666666667 0.0571658615136876 0.14666666666666667
2 0.6863929146537843 0.5706666666666667 0.03462157809983897 0.3253333333333333
1 0.4919484702093398 0.5146666666666667 0.033816425120772944 0.112
