0 0.6505636070853462 0.504 0.13526570048309178 0.16
0 0.9742351046698873 0.41733333333333333 0.0499194847020934 0.12
0 0.8631239935587761 0.42933333333333334 0.08373590982286634 0.08533333333333333
0 0.8433977455716586 0.43733333333333335 0.08132045088566828 0.08
0 0.4106280193236715 0.52 0.03864734299516908 0.10133333333333333
0 0.46819645732689213 0.49466666666666664 0.026570048309178744 0.072
0 0.6505636070853462 0.46 0.07407407407407407 0.09333333333333334
0 0.7302737520128825 0.436 0.037037037037037035 0.072
0 0.7600644122383253 0.43733333333333335 0.040257648953301126 0.06933333333333333
0 0.5434782608695652 0.48133333333333334 0.02576489533011272 0.06133333333333333
