0 0.4971819645732689 0.5253333333333333 0.04106280193236715 0.128
0 0.23349436392914655 0.612 0.11916264090177134 0.2
0 0.7540257648953301 0.6253333333333333 0.2037037037037037 0.36
0 0.6372785829307569 0.5506666666666666 0.12640901771336555 0.184
0 0.6187600644122383 0.5373333333333333 0.10064412238325282 0.152
0 0.607085346215781 0.5146666666666667 0.08373590982286634 0.13866666666666666
0 0.57085346215781 0.48933333333333334 0.07729468599033816 0.12533333333333332
0 0.5555555555555556 0.49866666666666665 0.05958132045088567 0.08
0 0.538244766505636 0.484 0.04106280193236715 0.056
0 0.3188405797101449 0.5133333333333333 0.04830917874396135 0.09333333333333334
0 0.4323671497584541 0.4666666666666667 0.028985507246376812 0.08533333333333333
0 0.34541062801932365 0.508 0.037037037037037035 0.07733333333333334
0 0.3671497584541063 0.504 0.028985507246376812 0.05333333333333334
0 0.4005636070853462 0.49066666666666664 0.023349436392914653 0.042666666666666665
0 0.29589371980676327 0.5053333333333333 0.029790660225442835 0.06666666666666667
0 0.08252818035426732 0.5146666666666667 0.03462157809983897 0.07466666666666667
