0 0.492344883158743 0.5452127659574468 0.05640612409347301 0.1702127659574468
0 0.08662369057211926 0.526595744680851 0.17324738114423852 0.9414893617021277
0 0.07413376309427881 0.6702127659574468 0.14826752618855762 0.3404255319148936
0 0.20950846091861403 0.5837765957446809 0.11120064464141821 0.18882978723404256
0 0.3235294117647059 0.5970744680851063 0.11522965350523771 0.2579787234042553
0 0.298549556809025 0.5412234042553191 0.06365834004834811 0.11436170212765957
0 0.3855761482675262 0.535904255319149 0.052377115229653506 0.125
0 0.40854149879129736 0.5172872340425532 0.032232070910556 0.07712765957446809
0 0.4266720386784851 0.5093085106382979 0.0265914585012087 0.061170212765957445
0 0.26591458501208703 0.535904255319149 0.05962933118452861 0.09308510638297872
