0 0.07809983896940419 0.7893333333333333 0.15619967793880837 0.416
0 0.18639291465378421 0.6893333333333334 0.1682769726247987 0.30133333333333334
0 0.28743961352657005 0.6133333333333333 0.10144927536231885 0.18666666666666668
0 0.8892914653784219 0.49066666666666664 0.21980676328502416 0.256
0 0.82085346215781 0.4786666666666667 0.1360708534621578 0.22133333333333333
0 0.7689210950080515 0.48 0.13526570048309178 0.18666666666666668
0 0.715378421900161 0.4866666666666667 0.11996779388083736 0.152
0 0.3538647342995169 0.564 0.06521739130434782 0.12533333333333332
0 0.5893719806763285 0.5493333333333333 0.07246376811594203 0.16533333333333333
0 0.5660225442834138 0.528 0.0499194847020934 0.13333333333333333
