0 0.4943639291465378 0.5093333333333333 0.02254428341384863 0.06933333333333333
0 0.6396940418679549 0.6173333333333333 0.1215780998389694 0.28
0 0.9070048309178744 0.7426666666666667 0.18438003220611915 0.5093333333333333
0 0.09017713365539452 0.632 0.16747181964573268 0.18666666666666668
0 0.6002415458937198 0.5746666666666667 0.0748792270531401 0.19466666666666665
2 0.5809178743961353 0.5066666666666667 0.008856682769726247 0.10666666666666667
0 0.5519323671497585 0.5253333333333333 0.03784219001610306 0.10133333333333333
0 0.5277777777777778 0.49733333333333335 0.020128824476650563 0.06666666666666667
0 0.37962962962962965 0.532 0.03462157809983897 0.08266666666666667
0 0.3977455716586151 0.5213333333333333 0.028985507246376812 0.06666666666666667
