0 0.06239935587761675 0.74 0.1247987117552335 0.472
0 0.8603059581320451 0.6693333333333333 0.2777777777777778 0.352
0 0.15579710144927536 0.6213333333333333 0.26006441223832527 0.288
0 0.5289855072463768 0.512 0.02576489533011272 0.064
0 0.394524959742351 0.512 0.07085346215780998 0.08533333333333333
0 0.6139291465378421 0.5306666666666666 0.0861513687600644 0.10666666666666667
0 0.3361513687600644 0.5346666666666666 0.11191626409017713 0.152
0 0.3140096618357488 0.5733333333333334 0.13526570048309178 0.16533333333333333
0 0.2427536231884058 0.5986666666666667 0.20048309178743962 0.232
0 0.6936392914653784 0.564 0.1247987117552335 0.168
0 0.7258454106280193 0.592 0.14412238325281804 0.176
