0 0.8651368760064412 0.6106666666666667 0.26811594202898553 0.5653333333333334
0 0.3103864734299517 0.58 0.09259259259259259 0.21066666666666667
0 0.36513687600644124 0.596 0.12640901771336555 0.2853333333333333
0 0.7302737520128825 0.4573333333333333 0.12560386473429952 0.152
0 0.822061191626409 0.43466666666666665 0.06280193236714976 0.10666666666666667
0 0.927938808373591 0.4146666666666667 0.07648953301127215 0.12533333333333332
0 0.8582930756843801 0.44 0.07085346215780998 0.096
0 0.35628019323671495 0.5533333333333333 0.06843800322061191 0.14666666666666667
0 0.5519323671497585 0.49333333333333335 0.03784219001610306 0.09066666666666667
0 0.49838969404186795 0.5013333333333333 0.02576489533011272 0.06933333333333333
0 0.4690016103059581 0.468 0.02818035426731079 0.04
