0 0.6099919419822724 0.6063829787234043 0.09186140209508462 0.2127659574468085
0 0.08823529411764706 0.6329787234042553 0.17647058823529413 0.30851063829787234
0 0.2792103142626914 0.6595744680851063 0.16035455278001612 0.3191489361702128
0 0.3827558420628525 0.5545212765957447 0.06285253827558421 0.15159574468085107
0 0.5471394037066881 0.5332446808510638 0.043513295729250605 0.10904255319148937
0 0.4089443996776793 0.535904255319149 0.0427074939564867 0.10372340425531915
0 0.3311845286059629 0.5332446808510638 0.048348106365834004 0.09308510638297872
0 0.36865431103948426 0.5226063829787234 0.033037872683319904 0.07180851063829788
0 0.435535858178888 0.5106382978723404 0.021756647864625302 0.05319148936170213
0 0.48186946011281223 0.5066489361702128 0.019339242546333603 0.061170212765957445
0 0.5132957292506044 0.5053191489361702 0.017727639000805803 0.05319148936170213
0 0.5044319097502015 0.5013297872340425 0.014504431909750202 0.04521276595744681
0 0.21394037066881547 0.4787234042553192 0.057211925866236905 0.10106382978723404
