0 0.5454911433172303 0.5173333333333333 0.033011272141706925 0.08
0 0.39170692431562 0.5013333333333333 0.09259259259259259 0.12266666666666666
0 0.38687600644122383 0.524 0.09098228663446055 0.09866666666666667
0 0.34782608695652173 0.5426666666666666 0.11916264090177134 0.136
0 0.33494363929146537 0.556 0.12238325281803543 0.14666666666666667
0 0.30475040257648955 0.5666666666666667 0.13123993558776167 0.17333333333333334
0 0.1972624798711755 0.608 0.18357487922705315 0.24533333333333332
0 0.14855072463768115 0.652 0.25684380032206117 0.2906666666666667
0 0.0571658615136876 0.7613333333333333 0.1143317230273752 0.472
0 0.8615136876006442 0.732 0.2753623188405797 0.5306666666666666
0 0.5309983896940419 0.4826666666666667 0.033011272141706925 0.096
