0 0.4867149758454106 0.528 0.04589371980676329 0.12266666666666666
0 0.09259259259259259 0.6786666666666666 0.18518518518518517 0.6373333333333333
0 0.2757648953301127 0.604 0.16666666666666666 0.264
0 0.30636070853462155 0.564 0.1392914653784219 0.20533333333333334
0 0.3615136876006441 0.528 0.08695652173913043 0.12266666666666666
0 0.392914653784219 0.5106666666666667 0.07246376811594203 0.104
0 0.7781803542673108 0.6093333333333333 0.3357487922705314 0.776
0 0.6396940418679549 0.5853333333333334 0.107085346215781 0.216
0 0.5523349436392915 0.5133333333333333 0.037037037037037035 0.088
0 0.5273752012882448 0.468 0.02576489533011272 0.09333333333333334
0 0.48711755233494364 0.5 0.028985507246376812 0.088
0 0.09380032206119163 0.5333333333333333 0.18760064412238325 0.384
0 0.23832528180354268 0.49866666666666665 0.05636070853462158 0.08
