0 0.13727858293075684 0.764 0.2745571658615137 0.4666666666666667
0 0.8534621578099839 0.744 0.2914653784219002 0.5066666666666667
0 0.2677133655394525 0.616 0.19082125603864733 0.48533333333333334
0 0.7016908212560387 0.6813333333333333 0.2037037037037037 0.38666666666666666
0 0.6276167471819646 0.58 0.071658615136876 0.2
0 0.1356682769726248 0.5026666666666667 0.24879227053140096 0.2906666666666667
0 0.6413043478260869 0.5293333333333333 0.0748792270531401 0.17866666666666667
0 0.5040257648953301 0.4826666666666667 0.028985507246376812 0.10133333333333333
0 0.7049114331723028 0.4666666666666667 0.12318840579710146 0.15466666666666667
0 0.40418679549114334 0.5066666666666667 0.0322061191626409 0.07466666666666667
0 0.3607085346215781 0.49333333333333335 0.040257648953301126 0.10133333333333333
