0 0.10265700483091787 0.7773333333333333 0.20531400966183574 0.44
0 0.2995169082125604 0.72 0.1706924315619968 0.37333333333333335
0 0.37278582930756843 0.6253333333333333 0.10628019323671498 0.23733333333333334
0 0.6316425120772947 0.604 0.08454106280193237 0.25333333333333335
0 0.928341384863124 0.64 0.14170692431561996 0.48533333333333334
0 0.41988727858293073 0.5493333333333333 0.04911433172302738 0.144
0 0.42954911433172305 0.5493333333333333 0.05394524959742351 0.10666666666666667
0 0.43478260869565216 0.488 0.05152979066022544 0.058666666666666666
0 0.6352657004830918 0.5626666666666666 0.07729468599033816 0.176
0 0.6743156199677939 0.532 0.07809983896940419 0.152
0 0.6292270531400966 0.496 0.0861513687600644 0.10666666666666667
0 0.8470209339774557 0.504 0.08695652173913043 0.12266666666666666
0 0.7922705314009661 0.48 0.07246376811594203 0.08
