2 0.5072697899838449 0.5735294117647058 0.03231017770597738 0.2914438502673797
2 0.565831987075929 0.5508021390374331 0.03796445880452343 0.2994652406417112
2 0.23424878836833601 0.5628342245989305 0.030694668820678513 0.24331550802139038
2 0.5363489499192245 0.5641711229946524 0.029079159935379646 0.25668449197860965
2 0.7548465266558966 0.6417112299465241 0.09289176090468497 0.5401069518716578
2 0.9676898222940227 0.5909090909090909 0.05977382875605816 0.47058823529411764
2 0.11954765751211632 0.7259358288770054 0.07108239095315025 0.5427807486631016
2 0.09168012924071083 0.7192513368983957 0.07027463651050081 0.5561497326203209
2 0.654281098546042 0.5441176470588235 0.04038772213247173 0.3074866310160428
2 0.8723747980613893 0.6443850267379679 0.07269789983844911 0.48128342245989303
0 0.41195476575121165 0.5334224598930482 0.08239095315024232 0.22192513368983957
0 0.3412762520193861 0.5120320855614974 0.0815831987075929 0.21657754010695188
0 0.3739903069466882 0.49732620320855614 0.050080775444264945 0.16042780748663102
