0 0.3997584541062802 0.5133333333333333 0.06682769726247988 0.07733333333333334
0 0.5471014492753623 0.516 0.03462157809983897 0.09866666666666667
0 0.4533011272141707 0.5293333333333333 0.033816425120772944 0.088
0 0.3333333333333333 0.54 0.11916264090177134 0.136
0 0.2922705314009662 0.5786666666666667 0.1497584541062802 0.18666666666666668
0 0.24758454106280192 0.592 0.2069243156199678 0.24
0 0.14412238325281804 0.604 0.2222222222222222 0.2906666666666667
0 0.12640901771336555 0.6346666666666667 0.2528180354267311 0.4746666666666667
0 0.605072463768116 0.596 0.08132045088566828 0.17866666666666667
0 0.7524154589371981 0.768 0.27294685990338163 0.45866666666666667
