0 0.6388888888888888 0.4786666666666667 0.11996779388083736 0.14133333333333334
0 0.9581320450885669 0.424 0.0821256038647343 0.112
0 0.9923510466988728 0.4226666666666667 0.013687600644122383 0.12533333333333332
0 0.8458132045088567 0.42933333333333334 0.07809983896940419 0.08
0 0.8260869565217391 0.432 0.07568438003220612 0.07466666666666667
0 0.4227053140096618 0.5106666666666667 0.03542673107890499 0.09333333333333334
0 0.47705314009661837 0.484 0.023349436392914653 0.06133333333333333
0 0.6469404186795491 0.44666666666666666 0.07004830917874397 0.088
0 0.7250402576489533 0.43466666666666665 0.03462157809983897 0.06933333333333333
0 0.7528180354267311 0.43466666666666665 0.03864734299516908 0.064
0 0.5462962962962963 0.4746666666666667 0.0249597423510467 0.058666666666666666
