0 0.48148148148148145 0.504 0.027375201288244767 0.08533333333333333
0 0.4883252818035427 0.492 0.023349436392914653 0.07733333333333334
2 0.8397745571658615 0.6506666666666666 0.05636070853462158 0.48533333333333334
0 0.6654589371980676 0.6466666666666666 0.16183574879227053 0.3546666666666667
0 0.5893719806763285 0.5746666666666667 0.07407407407407407 0.216
0 0.5370370370370371 0.49866666666666665 0.033816425120772944 0.10666666666666667
0 0.10144927536231885 0.684 0.1932367149758454 0.2853333333333333
0 0.21980676328502416 0.5973333333333334 0.11594202898550725 0.19733333333333333
0 0.3027375201288245 0.5466666666666666 0.06763285024154589 0.128
0 0.5173107890499195 0.4826666666666667 0.016908212560386472 0.05333333333333334
