0 0.49516908212560384 0.5266666666666666 0.03864734299516908 0.12
0 0.9243156199677939 0.748 0.1497584541062802 0.49866666666666665
0 0.3494363929146538 0.5426666666666666 0.0499194847020934 0.09866666666666667
0 0.6553945249597424 0.5546666666666666 0.13687600644122383 0.208
0 0.5954106280193237 0.5333333333333333 0.09742351046698873 0.13333333333333333
0 0.5797101449275363 0.508 0.06924315619967794 0.10933333333333334
0 0.5563607085346216 0.48933333333333334 0.06602254428341385 0.104
0 0.5446859903381642 0.49733333333333335 0.05233494363929147 0.06666666666666667
0 0.34017713365539454 0.5093333333333333 0.039452495974235106 0.08
0 0.44484702093397743 0.468 0.0249597423510467 0.072
0 0.3607085346215781 0.5 0.030595813204508857 0.06666666666666667
0 0.4061996779388084 0.492 0.020128824476650563 0.04
0 0.31521739130434784 0.5026666666666667 0.0249597423510467 0.056
0 0.1320450885668277 0.5093333333333333 0.0322061191626409 0.064
