0 0.6203703703703703 0.49733333333333335 0.107085346215781 0.12533333333333332
0 0.92914653784219 0.43066666666666664 0.10789049919484701 0.104
0 0.9677938808373591 0.42933333333333334 0.06280193236714976 0.11733333333333333
0 0.9907407407407407 0.43866666666666665 0.016908212560386472 0.12533333333333332
0 0.8152173913043478 0.43466666666666665 0.071658615136876 0.07466666666666667
0 0.8011272141706924 0.43733333333333335 0.06924315619967794 0.06933333333333333
0 0.4243156199677939 0.512 0.0322061191626409 0.08533333333333333
0 0.47624798711755234 0.4866666666666667 0.021739130434782608 0.056
0 0.7093397745571659 0.43733333333333335 0.0322061191626409 0.064
0 0.7359098228663447 0.43866666666666665 0.03542673107890499 0.06133333333333333
0 0.5402576489533011 0.47733333333333333 0.024154589371980676 0.05333333333333334
