0 0.5374396135265701 0.7226666666666667 0.15861513687600645 0.496
0 0.9681964573268921 0.7346666666666667 0.061996779388083734 0.5253333333333333
0 0.6284219001610306 0.5293333333333333 0.09903381642512077 0.152
0 0.5837359098228664 0.5093333333333333 0.05958132045088567 0.096
0 0.5644122383252818 0.5026666666666667 0.05314009661835749 0.072
0 0.4061996779388084 0.516 0.03462157809983897 0.072
0 0.10829307568438003 0.616 0.1537842190016103 0.19733333333333333
0 0.46859903381642515 0.488 0.02254428341384863 0.048
0 0.31280193236714976 0.532 0.05877616747181964 0.09333333333333334
0 0.3438003220611916 0.5133333333333333 0.040257648953301126 0.09866666666666667
0 0.3856682769726248 0.5026666666666667 0.03542673107890499 0.06666666666666667
0 0.42995169082125606 0.49466666666666664 0.0322061191626409 0.04533333333333334
0 0.21940418679549115 0.528 0.061996779388083734 0.096
0 0.21014492753623187 0.5133333333333333 0.06602254428341385 0.072
