0 0.06159420289855073 0.7493333333333333 0.12318840579710146 0.496
0 0.14895330112721417 0.6 0.25442834138486314 0.3626666666666667
0 0.7246376811594203 0.7586666666666667 0.24798711755233493 0.47733333333333333
0 0.5772946859903382 0.572 0.07085346215780998 0.19466666666666665
0 0.22061191626409019 0.6133333333333333 0.178743961352657 0.23466666666666666
0 0.2725442834138486 0.5893333333333334 0.1392914653784219 0.192
0 0.28462157809983896 0.572 0.15217391304347827 0.17866666666666667
0 0.5531400966183575 0.5493333333333333 0.0499194847020934 0.11733333333333333
0 0.535024154589372 0.5266666666666666 0.033011272141706925 0.09866666666666667
0 0.37962962962962965 0.52 0.0571658615136876 0.10666666666666667
