0 0.4057971014492754 0.508 0.06280193236714976 0.072
0 0.5450885668276972 0.5093333333333333 0.0322061191626409 0.09066666666666667
0 0.4561191626409018 0.5213333333333333 0.03140096618357488 0.08266666666666667
0 0.3470209339774557 0.5333333333333333 0.10789049919484701 0.12266666666666666
0 0.3144122383252818 0.5533333333333333 0.13285024154589373 0.168
0 0.27938808373590984 0.5773333333333334 0.178743961352657 0.21066666666666667
0 0.19685990338164253 0.5853333333333334 0.18438003220611915 0.248
0 0.1529790660225443 0.608 0.2834138486312399 0.384
0 0.5929951690821256 0.576 0.07004830917874397 0.15466666666666667
0 0.6896135265700483 0.7106666666666667 0.1892109500805153 0.376
