0 0.48792270531400966 0.5386666666666666 0.04508856682769726 0.12266666666666666
0 0.13043478260869565 0.6946666666666667 0.2608695652173913 0.6053333333333333
0 0.2995169082125604 0.5986666666666667 0.1497584541062802 0.22666666666666666
0 0.32367149758454106 0.5706666666666667 0.12721417069243157 0.18666666666666668
0 0.3695652173913043 0.5266666666666666 0.0821256038647343 0.11466666666666667
0 0.39814814814814814 0.516 0.06843800322061191 0.09866666666666667
0 0.7206119162640902 0.596 0.25120772946859904 0.6106666666666667
0 0.6239935587761675 0.588 0.09339774557165861 0.19466666666666665
0 0.5503220611916264 0.5266666666666666 0.03462157809983897 0.08266666666666667
0 0.5265700483091788 0.48133333333333334 0.02576489533011272 0.088
0 0.4887278582930757 0.5106666666666667 0.028985507246376812 0.088
0 0.12721417069243157 0.536 0.17713365539452497 0.336
0 0.0607890499194847 0.536 0.1215780998389694 0.176
0 0.250402576489533 0.5093333333333333 0.05314009661835749 0.07466666666666667
