0 0.5032206119162641 0.5613333333333334 0.05314009661835749 0.168
0 0.966988727858293 0.7093333333333334 0.0644122383252818 0.576
0 0.6630434782608695 0.5813333333333334 0.11674718196457327 0.21866666666666668
0 0.6038647342995169 0.5426666666666666 0.09339774557165861 0.136
0 0.06843800322061191 0.752 0.13687600644122383 0.4746666666666667
0 0.3393719806763285 0.556 0.07326892109500806 0.14133333333333334
0 0.08132045088566828 0.6333333333333333 0.16264090177133655 0.23733333333333334
0 0.1996779388083736 0.5706666666666667 0.0966183574879227 0.18133333333333335
0 0.42713365539452497 0.5173333333333333 0.03784219001610306 0.06933333333333333
0 0.4883252818035427 0.488 0.020128824476650563 0.05333333333333334
0 0.30917874396135264 0.536 0.06280193236714976 0.10133333333333333
0 0.38727858293075684 0.5186666666666667 0.04508856682769726 0.06666666666666667
0 0.016908212560386472 0.5493333333333333 0.033816425120772944 0.11733333333333333
0 0.5305958132045089 0.49333333333333335 0.020933977455716585 0.048
0 0.22302737520128824 0.536 0.07568438003220612 0.10133333333333333
