0 0.9955716586151369 0.76 0.007246376811594203 0.4746666666666667
0 0.6630434782608695 0.6693333333333333 0.17310789049919484 0.3626666666666667
1 0.28703703703703703 0.6386666666666667 0.05877616747181964 0.3333333333333333
0 0.2359098228663446 0.6653333333333333 0.1320450885668277 0.264
0 0.5563607085346216 0.5786666666666667 0.09178743961352658 0.224
0 0.2822061191626409 0.6 0.09259259259259259 0.192
0 0.4855072463768116 0.5426666666666666 0.04508856682769726 0.10933333333333334
0 0.34500805152979064 0.5453333333333333 0.036231884057971016 0.088
0 0.45974235104669886 0.528 0.028985507246376812 0.08
2 0.33172302737520126 0.5146666666666667 0.00966183574879227 0.08533333333333333
2 0.32367149758454106 0.528 0.008051529790660225 0.08533333333333333
1 0.3385668276972625 0.62 0.04428341384863124 0.264
