2 0.465670436187399 0.5267379679144385 0.021809369951534735 0.18181818181818182
2 0.48747980613893377 0.5227272727272727 0.02988691437802908 0.18983957219251338
2 0.39135702746365103 0.5508021390374331 0.02665589660743134 0.21390374331550802
2 0.5088852988691438 0.6350267379679144 0.07108239095315025 0.4732620320855615
2 0.9559773828756059 0.5855614973262032 0.05735056542810985 0.46524064171123
2 0.49353796445880455 0.5347593582887701 0.030694668820678513 0.20855614973262032
2 0.5504846526655897 0.6056149732620321 0.04604200323101777 0.339572192513369
0 0.26777059773828754 0.6617647058823529 0.2382875605815832 0.5427807486631016
2 0.9196284329563813 0.6229946524064172 0.09773828756058159 0.5721925133689839
0 0.3412762520193861 0.5080213903743316 0.0815831987075929 0.2192513368983957
0 0.3739903069466882 0.4959893048128342 0.050080775444264945 0.15775401069518716
