0 0.49798711755233493 0.5253333333333333 0.04750402576489533 0.128
0 0.22987117552334943 0.6693333333333333 0.22624798711755234 0.37333333333333335
0 0.3309178743961353 0.548 0.10628019323671498 0.184
0 0.36231884057971014 0.5346666666666666 0.0998389694041868 0.152
0 0.39533011272141705 0.504 0.07890499194847021 0.10133333333333333
0 0.4311594202898551 0.4653333333333333 0.06360708534621579 0.10933333333333334
0 0.8860708534621579 0.756 0.22624798711755234 0.4826666666666667
0 0.7391304347826086 0.6586666666666666 0.18679549114331723 0.33066666666666666
0 0.6541867954911433 0.5533333333333333 0.11030595813204509 0.248
2 0.5696457326892109 0.504 0.015297906602254429 0.112
0 0.6944444444444444 0.5066666666666667 0.10064412238325282 0.128
0 0.0966183574879227 0.596 0.1932367149758454 0.25866666666666666
0 0.49476650563607083 0.48933333333333334 0.02818035426731079 0.088
0 0.19444444444444445 0.5533333333333333 0.11030595813204509 0.18933333333333333
0 0.2576489533011272 0.5333333333333333 0.08373590982286634 0.144
0 0.8148148148148148 0.47733333333333333 0.1529790660225443 0.18666666666666668
