0 0.6904186795491143 0.6933333333333334 0.17632850241545894 0.37333333333333335
0 0.08574879227053141 0.7346666666666667 0.17149758454106281 0.4826666666666667
0 0.11916264090177134 0.6493333333333333 0.23832528180354268 0.4026666666666667
0 0.22020933977455717 0.592 0.16988727858293076 0.24533333333333332
0 0.71658615136876 0.5946666666666667 0.1610305958132045 0.17066666666666666
0 0.6827697262479872 0.5573333333333333 0.11916264090177134 0.17066666666666666
0 0.6247987117552335 0.52 0.10466988727858294 0.13333333333333333
0 0.31561996779388085 0.49733333333333335 0.11594202898550725 0.19466666666666665
0 0.5293880837359098 0.48133333333333334 0.039452495974235106 0.136
0 0.3667471819645733 0.5066666666666667 0.08293075684380032 0.09066666666666667
0 0.3896940418679549 0.5 0.07085346215780998 0.09866666666666667
0 0.5140901771336553 0.4666666666666667 0.0249597423510467 0.096
0 0.4311594202898551 0.4666666666666667 0.04589371980676329 0.07466666666666667
