0 0.3190359477124183 0.6324324324324324 0.14624183006535948 0.3027027027027027
1 0.9709967320261438 0.4608108108108108 0.056372549019607844 0.24594594594594596
1 0.8929738562091504 0.45675675675675675 0.06862745098039216 0.1891891891891892
2 0.4820261437908497 0.518918918918919 0.027777777777777776 0.1945945945945946
1 0.690359477124183 0.46756756756756757 0.03758169934640523 0.11351351351351352
2 0.33700980392156865 0.5310810810810811 0.02369281045751634 0.22432432432432434
1 0.7234477124183006 0.46756756756756757 0.02369281045751634 0.12972972972972974
2 0.1642156862745098 0.5608108108108109 0.029411764705882353 0.16486486486486487
2 0.1482843137254902 0.5689189189189189 0.025326797385620915 0.15945945945945947
1 0.2675653594771242 0.5554054054054054 0.06944444444444445 0.20810810810810812
2 0.1809640522875817 0.5608108108108109 0.025326797385620915 0.16486486486486487
2 0.15318627450980393 0.5689189189189189 0.03349673202614379 0.20810810810810812
2 0.25857843137254904 0.5432432432432432 0.018790849673202614 0.20540540540540542
0 0.9738562091503268 0.4189189189189189 0.05065359477124183 0.11351351351351352
0 0.9117647058823529 0.45 0.1111111111111111 0.0945945945945946
