0 0.4943639291465378 0.5253333333333333 0.037037037037037035 0.11733333333333333
0 0.9174718196457327 0.7013333333333334 0.16344605475040258 0.592
0 0.8067632850241546 0.6813333333333333 0.2109500805152979 0.43466666666666665
0 0.7137681159420289 0.6093333333333333 0.1747181964573269 0.27466666666666667
0 0.3973429951690821 0.508 0.029790660225442835 0.06133333333333333
0 0.2210144927536232 0.6213333333333333 0.12640901771336555 0.224
0 0.6042673107890499 0.5226666666666666 0.09903381642512077 0.13866666666666666
0 0.5700483091787439 0.5093333333333333 0.07407407407407407 0.096
0 0.5442834138486312 0.488 0.05636070853462158 0.08533333333333333
0 0.35909822866344604 0.49466666666666664 0.0322061191626409 0.06666666666666667
0 0.37399355877616747 0.49333333333333335 0.026570048309178744 0.058666666666666666
0 0.4110305958132045 0.48533333333333334 0.018518518518518517 0.037333333333333336
0 0.3357487922705314 0.492 0.020933977455716585 0.050666666666666665
