0 0.4963768115942029 0.52 0.03462157809983897 0.112
0 0.9198872785829307 0.7186666666666667 0.15861513687600645 0.5573333333333333
0 0.7689210950080515 0.6746666666666666 0.21256038647342995 0.4053333333333333
0 0.6831723027375202 0.5973333333333334 0.15861513687600645 0.2986666666666667
0 0.6501610305958132 0.564 0.1360708534621578 0.20533333333333334
0 0.6215780998389694 0.5373333333333333 0.1143317230273752 0.17866666666666667
0 0.5933977455716586 0.5186666666666667 0.0853462157809984 0.10933333333333334
0 0.40982286634460546 0.512 0.02576489533011272 0.058666666666666666
0 0.5636070853462157 0.5 0.06280193236714976 0.08266666666666667
0 0.5462962962962963 0.496 0.050724637681159424 0.064
0 0.535024154589372 0.48 0.0426731078904992 0.064
0 0.392512077294686 0.49333333333333335 0.023349436392914653 0.05333333333333334
0 0.37077294685990336 0.492 0.015297906602254429 0.04
