0 0.2749597423510467 0.7426666666666667 0.16666666666666666 0.38133333333333336
0 0.8458132045088567 0.76 0.30676328502415456 0.4746666666666667
0 0.6698872785829307 0.7173333333333334 0.17552334943639292 0.4
0 0.5933977455716586 0.6333333333333333 0.09822866344605476 0.22133333333333333
0 0.3502415458937198 0.6546666666666666 0.09500805152979067 0.21066666666666667
0 0.38003220611916266 0.616 0.05475040257648953 0.14933333333333335
0 0.40177133655394526 0.6013333333333334 0.04669887278582931 0.12
0 0.5680354267310789 0.592 0.06360708534621579 0.15466666666666667
0 0.5519323671497585 0.58 0.04428341384863124 0.12
0 0.7016908212560387 0.5213333333333333 0.07648953301127215 0.12
0 0.5169082125603864 0.5506666666666666 0.027375201288244767 0.06666666666666667
0 0.4609500805152979 0.536 0.02818035426731079 0.042666666666666665
1 0.4420289855072464 0.544 0.01288244766505636 0.042666666666666665
