0 0.13768115942028986 0.748 0.27053140096618356 0.44533333333333336
0 0.9045893719806763 0.7706666666666667 0.1892109500805153 0.4533333333333333
0 0.27938808373590984 0.6293333333333333 0.13848631239935588 0.24
0 0.7528180354267311 0.7106666666666667 0.23832528180354268 0.44533333333333336
0 0.40177133655394526 0.5306666666666666 0.043478260869565216 0.10133333333333333
0 0.6485507246376812 0.6053333333333333 0.11191626409017713 0.24533333333333332
0 0.6082930756843801 0.5666666666666667 0.06843800322061191 0.168
0 0.5853462157809984 0.544 0.05475040257648953 0.128
0 0.4174718196457327 0.524 0.039452495974235106 0.088
0 0.5760869565217391 0.5253333333333333 0.04106280193236715 0.10133333333333333
