0 0.49516908212560384 0.5466666666666666 0.043478260869565216 0.11733333333333333
0 0.14371980676328502 0.736 0.23429951690821257 0.49066666666666664
0 0.3136070853462158 0.5853333333333334 0.13768115942028986 0.2
0 0.34500805152979064 0.564 0.10547504025764895 0.17333333333333334
0 0.3780193236714976 0.5373333333333333 0.07971014492753623 0.11466666666666667
0 0.4025764895330113 0.49066666666666664 0.09017713365539452 0.16533333333333333
2 0.6199677938808373 0.5693333333333334 0.02576489533011272 0.19466666666666665
0 0.8635265700483091 0.584 0.20048309178743962 0.24533333333333332
0 0.4927536231884058 0.5213333333333333 0.027375201288244767 0.08266666666666667
0 0.033816425120772944 0.644 0.06763285024154589 0.30666666666666664
0 0.961755233494364 0.5466666666666666 0.0748792270531401 0.3466666666666667
0 0.1566022544283414 0.5333333333333333 0.09581320450885668 0.13333333333333333
0 0.21859903381642512 0.5306666666666666 0.06038647342995169 0.08533333333333333
0 0.33011272141706927 0.48 0.0499194847020934 0.11733333333333333
