0 0.5 0.5173333333333333 0.04830917874396135 0.13333333333333333
0 0.26811594202898553 0.616 0.19484702093397746 0.304
0 0.3466183574879227 0.528 0.09742351046698873 0.16533333333333333
0 0.37318840579710144 0.5146666666666667 0.09259259259259259 0.13866666666666666
0 0.40177133655394526 0.49066666666666664 0.07407407407407407 0.096
0 0.4359903381642512 0.448 0.06038647342995169 0.10666666666666667
0 0.8599033816425121 0.7466666666666667 0.2785829307568438 0.5013333333333333
0 0.7045088566827697 0.6133333333333333 0.1497584541062802 0.272
0 0.6392914653784219 0.528 0.0966183574879227 0.224
2 0.5680354267310789 0.49066666666666664 0.015297906602254429 0.10666666666666667
0 0.6843800322061192 0.48933333333333334 0.09500805152979067 0.12
0 0.0499194847020934 0.6293333333333333 0.0998389694041868 0.32
0 0.14492753623188406 0.5626666666666666 0.16264090177133655 0.224
0 0.4963768115942029 0.47733333333333333 0.02818035426731079 0.08533333333333333
0 0.22383252818035426 0.5253333333333333 0.09500805152979067 0.17066666666666666
0 0.27375201288244766 0.504 0.07729468599033816 0.13333333333333333
0 0.8007246376811594 0.464 0.14412238325281804 0.176
