0 0.8699677938808373 0.7573333333333333 0.2584541062801932 0.48
0 0.7962962962962963 0.6413333333333333 0.1706924315619968 0.49333333333333335
0 0.464573268921095 0.5066666666666667 0.04186795491143317 0.14933333333333335
0 0.7620772946859904 0.4666666666666667 0.18760064412238325 0.23466666666666666
0 0.31843800322061194 0.536 0.05877616747181964 0.112
0 0.250805152979066 0.5173333333333333 0.071658615136876 0.15466666666666667
0 0.4029790660225443 0.49466666666666664 0.03140096618357488 0.08266666666666667
0 0.5942028985507246 0.504 0.057971014492753624 0.10666666666666667
0 0.5173107890499195 0.44666666666666666 0.02818035426731079 0.09866666666666667
0 0.6364734299516909 0.5026666666666667 0.06038647342995169 0.11466666666666667
0 0.9456521739130435 0.4493333333333333 0.107085346215781 0.17866666666666667
0 0.4822866344605475 0.432 0.028985507246376812 0.13866666666666666
0 0.13446054750402575 0.5493333333333333 0.09178743961352658 0.11733333333333333
0 0.039452495974235106 0.556 0.07890499194847021 0.10933333333333334
