0 0.48188405797101447 0.5613333333333334 0.04750402576489533 0.13066666666666665
0 0.14452495974235105 0.6773333333333333 0.17149758454106281 0.336
0 0.29066022544283415 0.768 0.2109500805152979 0.4266666666666667
0 0.3679549114331723 0.632 0.09178743961352658 0.25066666666666665
0 0.392109500805153 0.5906666666666667 0.06763285024154589 0.168
0 0.3136070853462158 0.5786666666666667 0.09420289855072464 0.144
0 0.44122383252818037 0.5293333333333333 0.02576489533011272 0.06666666666666667
0 0.8409822866344605 0.7693333333333333 0.3164251207729469 0.456
0 0.6884057971014492 0.7466666666666667 0.20450885668276972 0.416
0 0.6002415458937198 0.6053333333333333 0.0893719806763285 0.23466666666666666
0 0.5257648953301127 0.54 0.03542673107890499 0.088
0 0.5217391304347826 0.48 0.043478260869565216 0.17066666666666666
0 0.20772946859903382 0.54 0.06602254428341385 0.088
0 0.47705314009661837 0.536 0.029790660225442835 0.09066666666666667
0 0.08776167471819646 0.5706666666666667 0.10466988727858294 0.13333333333333333
