2 0.8937908496732027 0.6972972972972973 0.09477124183006536 0.6
2 0.6915849673202614 0.5932432432432433 0.041666666666666664 0.4027027027027027
2 0.7071078431372549 0.5878378378378378 0.03839869281045752 0.3864864864864865
2 0.5400326797385621 0.4635135135135135 0.016339869281045753 0.16486486486486487
2 0.24509803921568626 0.5364864864864864 0.032679738562091505 0.327027027027027
2 0.4105392156862745 0.5 0.018790849673202614 0.17297297297297298
2 0.4305555555555556 0.49594594594594593 0.0196078431372549 0.1864864864864865
2 0.8946078431372549 0.65 0.07516339869281045 0.4837837837837838
2 0.37173202614379086 0.4918918918918919 0.021241830065359478 0.21081081081081082
2 0.3500816993464052 0.4743243243243243 0.02042483660130719 0.1918918918918919
2 0.34477124183006536 0.4783783783783784 0.0196078431372549 0.1945945945945946
2 0.5134803921568627 0.45135135135135135 0.012254901960784314 0.14594594594594595
0 0.10947712418300654 0.49864864864864866 0.21895424836601307 0.9972972972972973
