0 0.49315619967793883 0.5786666666666667 0.07809983896940419 0.24533333333333332
0 0.9251207729468599 0.716 0.14814814814814814 0.5626666666666666
0 0.782608695652174 0.6746666666666666 0.2109500805152979 0.4106666666666667
0 0.6956521739130435 0.5866666666666667 0.18518518518518517 0.288
0 0.6610305958132046 0.56 0.13043478260869565 0.192
0 0.057971014492753624 0.6173333333333333 0.11594202898550725 0.27466666666666667
0 0.13285024154589373 0.5626666666666666 0.1320450885668277 0.208
0 0.4388083735909823 0.4826666666666667 0.01932367149758454 0.05333333333333334
2 0.5607890499194848 0.512 0.013687600644122383 0.11733333333333333
2 0.01288244766505636 0.54 0.017713365539452495 0.20533333333333334
2 0.7475845410628019 0.48133333333333334 0.007246376811594203 0.10933333333333334
2 0.7447665056360708 0.4746666666666667 0.004830917874396135 0.08
