0 0.9468954248366013 0.5662162162162162 0.10457516339869281 0.13783783783783785
0 0.8941993464052288 0.5608108108108109 0.10212418300653595 0.13243243243243244
0 0.8251633986928104 0.5608108108108109 0.09477124183006536 0.14324324324324325
0 0.505718954248366 0.5054054054054054 0.027777777777777776 0.08108108108108109
2 0.16339869281045752 0.4743243243243243 0.013071895424836602 0.12702702702702703
2 0.24101307189542484 0.49594594594594593 0.0196078431372549 0.14864864864864866
1 0.45588235294117646 0.5 0.027777777777777776 0.15675675675675677
2 0.2128267973856209 0.4756756756756757 0.013888888888888888 0.11891891891891893
2 0.31086601307189543 0.5540540540540541 0.03349673202614379 0.2594594594594595
2 0.3366013071895425 0.5486486486486486 0.027777777777777776 0.24864864864864866
2 0.36560457516339867 0.5594594594594594 0.056372549019607844 0.2702702702702703
2 0.5020424836601307 0.6 0.049836601307189546 0.3675675675675676
2 0.5404411764705882 0.5851351351351352 0.04330065359477124 0.3216216216216216
2 0.3639705882352941 0.6 0.03839869281045752 0.34054054054054056
2 0.39869281045751637 0.5851351351351352 0.05228758169934641 0.3216216216216216
2 0.4297385620915033 0.5837837837837838 0.03594771241830065 0.2810810810810811
2 0.3145424836601307 0.5662162162162162 0.029411764705882353 0.28378378378378377
