0 0.49597423510466987 0.5386666666666666 0.043478260869565216 0.11733333333333333
0 0.23027375201288244 0.6213333333333333 0.13848631239935588 0.24533333333333332
0 0.2830112721417069 0.5786666666666667 0.1280193236714976 0.21333333333333335
0 0.3393719806763285 0.54 0.0893719806763285 0.12
0 0.4331723027375201 0.5453333333333333 0.0499194847020934 0.12
0 0.3892914653784219 0.5133333333333333 0.071658615136876 0.09333333333333334
0 0.6099033816425121 0.6013333333333334 0.09098228663446055 0.216
0 0.5817230273752013 0.452 0.08776167471819646 0.31733333333333336
2 0.6529790660225443 0.5426666666666666 0.017713365539452495 0.184
0 0.5181159420289855 0.4573333333333333 0.029790660225442835 0.12533333333333332
0 0.4923510466988728 0.5066666666666667 0.02818035426731079 0.08533333333333333
0 0.20652173913043478 0.5266666666666666 0.06521739130434782 0.09866666666666667
