0 0.49597423510466987 0.5466666666666666 0.043478260869565216 0.11733333333333333
0 0.09742351046698873 0.748 0.19484702093397746 0.49866666666666665
0 0.2942834138486312 0.5986666666666667 0.15056360708534622 0.22666666666666666
0 0.33132045088566825 0.5706666666666667 0.11513687600644122 0.192
0 0.37077294685990336 0.544 0.08454106280193237 0.12266666666666666
0 0.39814814814814814 0.492 0.09581320450885668 0.17333333333333334
2 0.6336553945249598 0.5826666666666667 0.02576489533011272 0.216
0 0.8977455716586151 0.6066666666666667 0.2028985507246377 0.28
0 0.5253623188405797 0.488 0.023349436392914653 0.08
0 0.4927536231884058 0.5186666666666667 0.027375201288244767 0.08266666666666667
0 0.4190821256038647 0.5093333333333333 0.07004830917874397 0.10133333333333333
0 0.9867149758454107 0.5306666666666666 0.0249597423510467 0.3466666666666667
0 0.13285024154589373 0.5306666666666666 0.10628019323671498 0.144
0 0.20249597423510468 0.5266666666666666 0.06521739130434782 0.088
2 0.22423510466988728 0.5093333333333333 0.012077294685990338 0.10666666666666667
0 0.3248792270531401 0.48133333333333334 0.05233494363929147 0.12
