0 0.1541867954911433 0.49866666666666665 0.3083735909822866 0.9973333333333333
0 0.8007246376811594 0.676 0.3969404186795491 0.5306666666666666
0 0.358695652173913 0.584 0.16022544283413848 0.4266666666666667
2 0.960950080515298 0.5293333333333333 0.02818035426731079 0.2693333333333333
2 0.8651368760064412 0.5413333333333333 0.03462157809983897 0.304
2 0.6179549114331723 0.5106666666666667 0.020128824476650563 0.14666666666666667
0 0.5628019323671497 0.532 0.04830917874396135 0.13066666666666665
0 0.5450885668276972 0.5226666666666666 0.04186795491143317 0.12266666666666666
2 0.49033816425120774 0.47733333333333333 0.00644122383252818 0.064
2 0.4967793880837359 0.48 0.004830917874396135 0.064
0 0.4524959742351047 0.476 0.01610305958132045 0.056
