0 0.10305958132045089 0.7973333333333333 0.20611916264090177 0.4
0 0.2322866344605475 0.7586666666666667 0.2890499194847021 0.47733333333333333
0 0.8264895330112721 0.7266666666666667 0.2922705314009662 0.5413333333333333
0 0.3884863123993559 0.5546666666666666 0.0748792270531401 0.21333333333333335
0 0.41183574879227053 0.5466666666666666 0.0748792270531401 0.144
0 0.6030595813204509 0.45066666666666666 0.05475040257648953 0.058666666666666666
0 0.7330917874396136 0.6346666666666667 0.11513687600644122 0.3253333333333333
0 0.7677133655394525 0.5533333333333333 0.11030595813204509 0.23733333333333334
0 0.6686795491143317 0.49733333333333335 0.11352657004830918 0.14133333333333334
0 0.9605475040257649 0.5213333333333333 0.07729468599033816 0.168
0 0.8719806763285024 0.488 0.09178743961352658 0.10133333333333333
