0 0.10909822866344605 0.768 0.2181964573268921 0.45866666666666667
0 0.9963768115942029 0.7906666666666666 0.005636070853462158 0.41333333333333333
0 0.23752012882447665 0.6586666666666666 0.17713365539452497 0.29333333333333333
0 0.8321256038647343 0.748 0.33413848631239934 0.49866666666666665
0 0.392914653784219 0.532 0.04669887278582931 0.10933333333333334
0 0.6751207729468599 0.6333333333333333 0.1392914653784219 0.296
0 0.6207729468599034 0.572 0.08051529790660225 0.18933333333333333
0 0.5917874396135265 0.5466666666666666 0.061191626409017714 0.13866666666666666
0 0.4106280193236715 0.5226666666666666 0.04186795491143317 0.096
0 0.5793075684380032 0.5266666666666666 0.04428341384863124 0.10933333333333334
