0 0.9681964573268921 0.7493333333333333 0.061996779388083734 0.496
0 0.07608695652173914 0.7506666666666667 0.15217391304347827 0.49333333333333335
0 0.8059581320450886 0.7293333333333333 0.3397745571658615 0.536
0 0.6239935587761675 0.4613333333333333 0.1529790660225443 0.4746666666666667
0 0.5676328502415459 0.524 0.057971014492753624 0.17333333333333334
0 0.5527375201288245 0.5173333333333333 0.04589371980676329 0.11733333333333333
0 0.5237520128824477 0.508 0.03140096618357488 0.08266666666666667
0 0.4005636070853462 0.5186666666666667 0.029790660225442835 0.072
0 0.5020128824476651 0.504 0.03462157809983897 0.08
0 0.4750402576489533 0.504 0.02576489533011272 0.05333333333333334
