0 0.47381144238517325 0.5146276595744681 0.0273972602739726 0.08244680851063829
0 0.02054794520547945 0.711436170212766 0.0410958904109589 0.3377659574468085
0 0.13255439161966157 0.7792553191489362 0.26510878323932313 0.43617021276595747
0 0.17606768734891218 0.6117021276595744 0.14585012087026591 0.22340425531914893
0 0.2570507655116841 0.5664893617021277 0.0757453666398066 0.13297872340425532
0 0.34004834810636586 0.5771276595744681 0.0821917808219178 0.15425531914893617
0 0.40290088638195004 0.4920212765957447 0.048348106365834004 0.1702127659574468
0 0.4246575342465753 0.5186170212765957 0.024174053182917002 0.06382978723404255
0 0.09508460918614021 0.5731382978723404 0.136986301369863 0.18351063829787234
0 0.25825946817082995 0.5372340425531915 0.06365834004834811 0.11170212765957446
