0 0.15257648953301128 0.7546666666666667 0.30515297906602257 0.48533333333333334
0 0.927938808373591 0.5533333333333333 0.14251207729468598 0.28
0 0.8353462157809984 0.532 0.11835748792270531 0.22666666666666666
0 0.788647342995169 0.5186666666666667 0.11191626409017713 0.184
0 0.751207729468599 0.5106666666666667 0.10628019323671498 0.16266666666666665
0 0.7250402576489533 0.5146666666666667 0.10225442834138486 0.13333333333333333
0 0.6308373590982287 0.5973333333333334 0.11030595813204509 0.272
0 0.5913848631239935 0.56 0.06521739130434782 0.15466666666666667
0 0.3743961352657005 0.5693333333333334 0.08695652173913043 0.19466666666666665
0 0.4086151368760064 0.5253333333333333 0.06682769726247988 0.18133333333333335
0 0.6392914653784219 0.4826666666666667 0.07407407407407407 0.10666666666666667
0 0.4416264090177134 0.5173333333333333 0.036231884057971016 0.096
0 0.44887278582930756 0.49866666666666665 0.050724637681159424 0.058666666666666666
0 0.5205314009661836 0.448 0.04911433172302738 0.17066666666666666
