0 0.4786462530217567 0.5146276595744681 0.0273972602739726 0.08244680851063829
0 0.06365834004834811 0.49867021276595747 0.12731668009669622 0.9973404255319149
0 0.058823529411764705 0.6768617021276596 0.11764705882352941 0.3271276595744681
0 0.17203867848509266 0.5957446808510638 0.1442385173247381 0.22872340425531915
0 0.3203062046736503 0.6103723404255319 0.10717163577759871 0.22074468085106383
0 0.28041901692183724 0.5598404255319149 0.07091055600322321 0.11436170212765957
0 0.3855761482675262 0.5465425531914894 0.05076551168412571 0.11436170212765957
0 0.34286865431103947 0.5292553191489362 0.0410958904109589 0.09574468085106383
0 0.40612409347300565 0.526595744680851 0.035455278001611606 0.0797872340425532
0 0.25745366639806605 0.5212765957446809 0.0652699435938759 0.1276595744680851
