2 0.014895330112721417 0.516 0.013687600644122383 0.11466666666666667
2 0.045491143317230275 0.5093333333333333 0.020128824476650563 0.10666666666666667
2 0.15338164251207728 0.5053333333333333 0.021739130434782608 0.12533333333333332
2 0.46256038647342995 0.48533333333333334 0.010466988727858293 0.09066666666666667
0 0.43760064412238325 0.4706666666666667 0.039452495974235106 0.104
0 0.46578099838969406 0.48 0.04106280193236715 0.08
0 0.5052334943639292 0.48 0.04911433172302738 0.06933333333333333
0 0.6191626409017713 0.464 0.0499194847020934 0.09066666666666667
0 0.6396940418679549 0.4693333333333333 0.03784219001610306 0.058666666666666666
0 0.6731078904991948 0.4693333333333333 0.04186795491143317 0.064
0 0.7644927536231884 0.47333333333333333 0.04911433172302738 0.050666666666666665
