0 0.9508856682769726 0.7746666666666666 0.0966183574879227 0.44533333333333336
0 0.35185185185185186 0.588 0.14492753623188406 0.41333333333333333
0 0.6513687600644122 0.6066666666666667 0.11272141706924316 0.22133333333333333
0 0.788647342995169 0.7333333333333333 0.24557165861513688 0.4533333333333333
0 0.4557165861513688 0.49333333333333335 0.0322061191626409 0.096
0 0.4053945249597424 0.5506666666666666 0.0748792270531401 0.2
0 0.6223832528180354 0.556 0.06924315619967794 0.16266666666666665
0 0.5901771336553945 0.5226666666666666 0.0499194847020934 0.11733333333333333
0 0.572866344605475 0.5173333333333333 0.04106280193236715 0.096
0 0.5623993558776168 0.49733333333333335 0.033011272141706925 0.07733333333333334
