0 0.8780193236714976 0.6533333333333333 0.24235104669887278 0.688
0 0.7467793880837359 0.684 0.2713365539452496 0.6266666666666667
0 0.6360708534621579 0.6053333333333333 0.10628019323671498 0.2773333333333333
2 0.57085346215781 0.5066666666666667 0.01288244766505636 0.13866666666666666
2 0.5785024154589372 0.508 0.012077294685990338 0.13066666666666665
0 0.4303542673107891 0.512 0.029790660225442835 0.096
2 0.5116747181964574 0.49733333333333335 0.007246376811594203 0.07733333333333334
0 0.3192431561996779 0.5933333333333334 0.0893719806763285 0.19466666666666665
0 0.06360708534621579 0.768 0.12721417069243157 0.45866666666666667
0 0.17270531400966183 0.6946666666666667 0.21980676328502416 0.408
2 0.357487922705314 0.5333333333333333 0.011272141706924315 0.096
