0 0.9464869281045751 0.5635135135135135 0.1053921568627451 0.13783783783783785
0 0.8937908496732027 0.5608108108108109 0.10130718954248366 0.13243243243243244
0 0.8251633986928104 0.5608108108108109 0.09477124183006536 0.14324324324324325
0 0.505718954248366 0.5054054054054054 0.027777777777777776 0.08108108108108109
1 0.505718954248366 0.5945945945945946 0.07516339869281045 0.31351351351351353
1 0.5551470588235294 0.5702702702702702 0.08251633986928104 0.2972972972972973
1 0.369281045751634 0.5216216216216216 0.024509803921568627 0.14054054054054055
2 0.1556372549019608 0.46621621621621623 0.012254901960784314 0.12702702702702703
2 0.046977124183006536 0.5283783783783784 0.03676470588235294 0.27837837837837837
2 0.18709150326797386 0.4972972972972973 0.021241830065359478 0.16216216216216217
2 0.1642156862745098 0.48783783783783785 0.017973856209150325 0.16486486486486487
2 0.6245915032679739 0.6297297297297297 0.051470588235294115 0.4486486486486487
2 0.6535947712418301 0.6162162162162163 0.05065359477124183 0.42162162162162165
2 0.7401960784313726 0.6229729729729729 0.06699346405228758 0.4891891891891892
2 0.7389705882352942 0.6675675675675675 0.0727124183006536 0.5513513513513514
