0 0.6071716357775987 0.6037234042553191 0.0894439967767929 0.20212765957446807
0 0.07373086220789686 0.6542553191489362 0.14746172441579372 0.35106382978723405
0 0.27276390008058016 0.6702127659574468 0.17002417405318293 0.3351063829787234
0 0.38114423851732476 0.5598404255319149 0.064464141821112 0.15691489361702127
0 0.5451248992747784 0.5332446808510638 0.0410958904109589 0.10372340425531915
0 0.25745366639806605 0.5691489361702128 0.0862207896857373 0.15425531914893617
0 0.4089443996776793 0.5398936170212766 0.0443190975020145 0.10638297872340426
0 0.330781627719581 0.538563829787234 0.04915390813859791 0.09840425531914894
0 0.3678485092667204 0.5252659574468085 0.033037872683319904 0.07180851063829788
0 0.43674456083803387 0.5159574468085106 0.020950846091861403 0.05319148936170213
0 0.4000805801772764 0.4973404255319149 0.0249798549556809 0.06382978723404255
0 0.4830781627719581 0.5093085106382979 0.020145044319097503 0.061170212765957445
0 0.5124899274778405 0.5079787234042553 0.016116035455278 0.047872340425531915
0 0.5032232070910556 0.5053191489361702 0.015310233682514102 0.0425531914893617
0 0.04593070104754231 0.49069148936170215 0.09186140209508462 0.17819148936170212
