2 0.7099673202614379 0.6797297297297298 0.0915032679738562 0.6351351351351351
2 0.6809640522875817 0.6905405405405406 0.11029411764705882 0.6135135135135135
2 0.4027777777777778 0.6418918918918919 0.06535947712418301 0.5324324324324324
2 0.32393790849673204 0.6405405405405405 0.0727124183006536 0.6162162162162163
2 0.7459150326797386 0.7054054054054054 0.10130718954248366 0.5837837837837838
2 0.43995098039215685 0.48243243243243245 0.018790849673202614 0.1864864864864865
2 0.4362745098039216 0.4472972972972973 0.0196078431372549 0.17567567567567569
2 0.4497549019607843 0.46216216216216216 0.010620915032679739 0.15135135135135136
2 0.4812091503267974 0.4648648648648649 0.014705882352941176 0.14594594594594595
1 0.3459967320261438 0.45 0.041666666666666664 0.14864864864864866
