0 0.49556809024979853 0.5571808510638298 0.06285253827558421 0.18882978723404256
0 0.09347300564061241 0.7420212765957447 0.18694601128122482 0.5106382978723404
0 0.17606768734891218 0.601063829787234 0.1377921031426269 0.20212765957446807
0 0.31103948428686545 0.6050531914893617 0.11442385173247381 0.24202127659574468
0 0.3835616438356164 0.5412234042553191 0.0499597099113618 0.10904255319148937
0 0.4129734085414988 0.5186170212765957 0.0378726833199033 0.0851063829787234
0 0.17485898468976632 0.5585106382978723 0.1031426269137792 0.13829787234042554
0 0.2401289282836422 0.5372340425531915 0.06124093473005641 0.10106382978723404
0 0.34568896051571313 0.49601063829787234 0.032232070910556 0.07712765957446809
0 0.5205479452054794 0.49601063829787234 0.016116035455278 0.0398936170212766
