0 0.13848631239935588 0.784 0.27697262479871176 0.4266666666666667
0 0.285426731078905 0.7373333333333333 0.21497584541062803 0.44533333333333336
0 0.7568438003220612 0.7173333333333334 0.20450885668276972 0.5066666666666667
0 0.39895330112721417 0.556 0.06843800322061191 0.19466666666666665
0 0.4194847020933977 0.548 0.06924315619967794 0.136
0 0.571256038647343 0.4613333333333333 0.05394524959742351 0.058666666666666666
0 0.7077294685990339 0.612 0.10628019323671498 0.28
0 0.7455716586151369 0.544 0.10305958132045089 0.21333333333333335
0 0.6618357487922706 0.5 0.10789049919484701 0.13066666666666665
0 0.9480676328502415 0.5133333333333333 0.10225442834138486 0.15733333333333333
0 0.8578904991948471 0.4866666666666667 0.08776167471819646 0.09866666666666667
