0 0.49315619967793883 0.5466666666666666 0.0426731078904992 0.11733333333333333
0 0.16264090177133655 0.7013333333333334 0.1996779388083736 0.4106666666666667
0 0.2721417069243156 0.544 0.20611916264090177 0.48533333333333334
0 0.34098228663446056 0.572 0.12318840579710146 0.16266666666666665
0 0.428743961352657 0.49466666666666664 0.05233494363929147 0.08266666666666667
0 0.535426731078905 0.488 0.033816425120772944 0.10666666666666667
0 0.48993558776167473 0.5186666666666667 0.02818035426731079 0.08266666666666667
0 0.36835748792270534 0.5346666666666666 0.11835748792270531 0.17866666666666667
0 0.0285829307568438 0.6466666666666666 0.0571658615136876 0.31733333333333336
0 0.12560386473429952 0.5893333333333334 0.15780998389694043 0.24
0 0.24798711755233493 0.46266666666666667 0.09017713365539452 0.17866666666666667
