0 0.43438003220611915 0.512 0.020128824476650563 0.058666666666666666
0 0.19806763285024154 0.5146666666666667 0.04830917874396135 0.08
0 0.23470209339774556 0.5146666666666667 0.04106280193236715 0.064
0 0.8522544283413849 0.5666666666666667 0.07971014492753623 0.09333333333333334
0 0.26529790660225444 0.5133333333333333 0.033011272141706925 0.056
0 0.4492753623188406 0.5013333333333333 0.017713365539452495 0.048
0 0.47705314009661837 0.5453333333333333 0.04106280193236715 0.136
0 0.1457326892109501 0.524 0.0644122383252818 0.08266666666666667
1 0.7177938808373591 0.5573333333333333 0.021739130434782608 0.11733333333333333
0 0.9227053140096618 0.5666666666666667 0.06602254428341385 0.088
