0 0.30193236714975846 0.7133333333333334 0.19001610305958133 0.456
0 0.9830917874396136 0.8666666666666667 0.0322061191626409 0.2613333333333333
0 0.7371175523349437 0.748 0.25201288244766507 0.49866666666666665
0 0.605475040257649 0.6506666666666666 0.1143317230273752 0.29333333333333333
0 0.3719806763285024 0.6066666666666667 0.0853462157809984 0.24266666666666667
0 0.3973429951690821 0.5746666666666667 0.06521739130434782 0.16266666666666665
0 0.5656199677938808 0.5733333333333334 0.06843800322061191 0.176
0 0.538647342995169 0.552 0.0499194847020934 0.13333333333333333
0 0.43438003220611915 0.5293333333333333 0.033011272141706925 0.09333333333333334
0 0.44887278582930756 0.508 0.029790660225442835 0.09866666666666667
0 0.4609500805152979 0.5093333333333333 0.026570048309178744 0.08
