0 0.9388083735909822 0.8 0.12077294685990338 0.39466666666666667
0 0.8442028985507246 0.7586666666666667 0.30998389694041867 0.47733333333333333
0 0.6578099838969405 0.6146666666666667 0.13687600644122383 0.30666666666666664
0 0.4074074074074074 0.5386666666666666 0.05958132045088567 0.192
2 0.5986312399355878 0.616 0.039452495974235106 0.26666666666666666
0 0.2826086956521739 0.7106666666666667 0.16586151368760063 0.38666666666666666
0 0.10748792270531402 0.788 0.21497584541062803 0.4186666666666667
0 0.57085346215781 0.5386666666666666 0.05152979066022544 0.11733333333333333
0 0.5994363929146538 0.56 0.06682769726247988 0.16
0 0.45169082125603865 0.5026666666666667 0.024154589371980676 0.072
