1 0.6683006535947712 0.5864864864864865 0.05065359477124183 0.22702702702702704
1 0.4730392156862745 0.6175675675675676 0.05065359477124183 0.27837837837837837
2 0.5241013071895425 0.5472972972972973 0.010620915032679739 0.1
2 0.10253267973856209 0.5581081081081081 0.015522875816993464 0.15945945945945947
2 0.12295751633986927 0.5567567567567567 0.01715686274509804 0.13513513513513514
1 0.4812091503267974 0.5418918918918919 0.027777777777777776 0.10540540540540541
2 0.24754901960784315 0.5581081081081081 0.016339869281045753 0.14324324324324325
2 0.23447712418300654 0.5567567567567567 0.017973856209150325 0.11891891891891893
2 0.4738562091503268 0.5351351351351351 0.014705882352941176 0.11351351351351352
2 0.4918300653594771 0.5513513513513514 0.00980392156862745 0.11351351351351352
