0 0.4830917874396135 0.5466666666666666 0.04669887278582931 0.12266666666666666
0 0.24838969404186795 0.6333333333333333 0.15539452495974235 0.264
0 0.3361513687600644 0.568 0.11513687600644122 0.176
0 0.40096618357487923 0.5146666666666667 0.07085346215780998 0.096
0 0.8760064412238325 0.76 0.2463768115942029 0.4746666666666667
0 0.5881642512077294 0.5586666666666666 0.06360708534621579 0.14133333333333334
0 0.538647342995169 0.48533333333333334 0.03542673107890499 0.11733333333333333
0 0.19444444444444445 0.5746666666666667 0.10547504025764895 0.15733333333333333
0 0.49315619967793883 0.5186666666666667 0.03140096618357488 0.09333333333333334
0 0.11674718196457327 0.5453333333333333 0.10305958132045089 0.12
