0 0.5181159420289855 0.596 0.07004830917874397 0.22133333333333333
0 0.6417069243156199 0.5533333333333333 0.10950080515297907 0.17333333333333334
0 0.5885668276972624 0.532 0.0644122383252818 0.104
0 0.5676328502415459 0.5226666666666666 0.05636070853462158 0.08
0 0.06924315619967794 0.6626666666666666 0.13848631239935588 0.24266666666666667
0 0.39331723027375204 0.5346666666666666 0.04106280193236715 0.088
0 0.4492753623188406 0.5133333333333333 0.02576489533011272 0.06133333333333333
0 0.47906602254428343 0.5013333333333333 0.017713365539452495 0.048
0 0.29508856682769724 0.5573333333333333 0.06521739130434782 0.10666666666666667
0 0.33132045088566825 0.5346666666666666 0.04428341384863124 0.104
0 0.37640901771336555 0.5226666666666666 0.036231884057971016 0.06933333333333333
0 0.42351046698872785 0.5146666666666667 0.033816425120772944 0.048
0 0.19363929146537842 0.552 0.07004830917874397 0.10666666666666667
0 0.18397745571658616 0.5333333333333333 0.07326892109500806 0.08
