0 0.03904991948470209 0.7853333333333333 0.07809983896940419 0.424
0 0.29508856682769724 0.7106666666666667 0.16505636070853463 0.376
0 0.11996779388083736 0.7466666666666667 0.23993558776167473 0.416
1 0.8128019323671497 0.736 0.17954911433172302 0.4693333333333333
1 0.9061996779388084 0.7546666666666667 0.1859903381642512 0.48533333333333334
0 0.41586151368760066 0.5693333333333334 0.04911433172302738 0.14133333333333334
0 0.4428341384863124 0.5426666666666666 0.028985507246376812 0.088
0 0.45209339774557167 0.5106666666666667 0.0249597423510467 0.09333333333333334
0 0.5676328502415459 0.5466666666666666 0.08695652173913043 0.112
0 0.5563607085346216 0.536 0.07729468599033816 0.09066666666666667
0 0.532608695652174 0.5253333333333333 0.0571658615136876 0.08
0 0.464573268921095 0.5053333333333333 0.017713365539452495 0.056
0 0.37962962962962965 0.5866666666666667 0.08776167471819646 0.256
