0 0.6948470209339774 0.7106666666666667 0.19162640901771336 0.38666666666666666
0 0.09098228663446055 0.7226666666666667 0.1819645732689211 0.43733333333333335
0 0.1143317230273752 0.6786666666666666 0.2286634460547504 0.32266666666666666
0 0.177938808373591 0.6293333333333333 0.21578099838969403 0.2613333333333333
0 0.22020933977455717 0.6 0.17954911433172302 0.21333333333333335
0 0.2576489533011272 0.572 0.14814814814814814 0.19466666666666665
0 0.572866344605475 0.5706666666666667 0.0748792270531401 0.16533333333333333
0 0.3353462157809984 0.5573333333333333 0.11835748792270531 0.13333333333333333
0 0.5462962962962963 0.5306666666666666 0.0426731078904992 0.096
0 0.33816425120772947 0.5386666666666666 0.09178743961352658 0.12266666666666666
0 0.3502415458937198 0.5213333333333333 0.07568438003220612 0.12533333333333332
0 0.5237520128824477 0.49733333333333335 0.0249597423510467 0.072
