0 0.5269726247987118 0.5293333333333333 0.033011272141706925 0.07733333333333334
0 0.36272141706924316 0.5293333333333333 0.09098228663446055 0.10933333333333334
0 0.6493558776167472 0.5573333333333333 0.11835748792270531 0.144
0 0.25 0.572 0.1747181964573269 0.232
0 0.22181964573268922 0.6026666666666667 0.21336553945249598 0.23466666666666666
0 0.18276972624798712 0.6453333333333333 0.2431561996779388 0.288
0 0.11272141706924316 0.68 0.22544283413848631 0.35733333333333334
0 0.08856682769726248 0.7546666666666667 0.17713365539452497 0.48533333333333334
0 0.8168276972624798 0.632 0.21980676328502416 0.288
0 0.8808373590982287 0.6786666666666666 0.23671497584541062 0.33866666666666667
