0 0.6264090177133655 0.5653333333333334 0.0821256038647343 0.18133333333333335
0 0.5668276972624798 0.488 0.05152979066022544 0.058666666666666666
2 0.4146537842190016 0.5066666666666667 0.00966183574879227 0.10133333333333333
1 0.678743961352657 0.5173333333333333 0.04508856682769726 0.11733333333333333
0 0.7037037037037037 0.476 0.05314009661835749 0.06666666666666667
0 0.8289049919484702 0.47733333333333333 0.07004830917874397 0.064
0 0.9637681159420289 0.46 0.07085346215780998 0.08266666666666667
0 0.31602254428341386 0.508 0.04750402576489533 0.06133333333333333
0 0.4895330112721417 0.48533333333333334 0.01610305958132045 0.037333333333333336
0 0.46296296296296297 0.4866666666666667 0.01932367149758454 0.04
