0 0.3492647058823529 0.5972972972972973 0.11356209150326797 0.24324324324324326
1 0.8754084967320261 0.4648648648648649 0.07924836601307189 0.20540540540540542
1 0.798202614379085 0.4608108108108108 0.05718954248366013 0.16486486486486487
2 0.460375816993464 0.5162162162162162 0.025326797385620915 0.17297297297297298
1 0.6376633986928104 0.4743243243243243 0.035130718954248366 0.10540540540540541
2 0.3382352941176471 0.5243243243243243 0.017973856209150325 0.1945945945945946
1 0.7026143790849673 0.4702702702702703 0.02287581699346405 0.11891891891891893
2 0.18137254901960784 0.5513513513513514 0.017973856209150325 0.14594594594594595
2 0.1781045751633987 0.5581081081081081 0.021241830065359478 0.14324324324324325
1 0.26429738562091504 0.55 0.06454248366013073 0.1864864864864865
2 0.23815359477124182 0.5486486486486486 0.02369281045751634 0.14594594594594595
2 0.2152777777777778 0.5567567567567567 0.02696078431372549 0.1783783783783784
2 0.3055555555555556 0.5243243243243243 0.0196078431372549 0.1837837837837838
0 0.9546568627450981 0.43108108108108106 0.08905228758169935 0.10540540540540541
0 0.8741830065359477 0.4581081081081081 0.09967320261437909 0.0891891891891892
