0 0.24758454106280192 0.6746666666666666 0.16022544283413848 0.336
0 0.14492753623188406 0.752 0.2898550724637681 0.49066666666666664
0 0.8087761674718197 0.452 0.16666666666666666 0.19466666666666665
0 0.8993558776167472 0.44 0.08373590982286634 0.128
0 0.9875201288244766 0.4146666666666667 0.023349436392914653 0.136
0 0.9432367149758454 0.43866666666666665 0.09420289855072464 0.11466666666666667
0 0.37600644122383253 0.564 0.05958132045088567 0.13066666666666665
0 0.33413848631239934 0.592 0.09500805152979067 0.19733333333333333
0 0.5772946859903382 0.512 0.04669887278582931 0.10666666666666667
0 0.40096618357487923 0.5453333333333333 0.043478260869565216 0.10933333333333334
0 0.5132850241545893 0.5213333333333333 0.029790660225442835 0.07733333333333334
0 0.5873590982286635 0.5053333333333333 0.07809983896940419 0.088
0 0.5108695652173914 0.48133333333333334 0.03462157809983897 0.04
