0 0.4859098228663446 0.528 0.04589371980676329 0.12266666666666666
0 0.24396135265700483 0.6386666666666667 0.18679549114331723 0.312
0 0.28462157809983896 0.584 0.1537842190016103 0.23466666666666666
0 0.3526570048309179 0.5386666666666666 0.09339774557165861 0.13333333333333333
0 0.38768115942028986 0.5133333333333333 0.07648953301127215 0.10933333333333334
0 0.8152173913043478 0.5693333333333334 0.3679549114331723 0.856
0 0.6594202898550725 0.6066666666666667 0.12560386473429952 0.248
0 0.5559581320450886 0.5186666666666667 0.039452495974235106 0.09333333333333334
0 0.5285829307568438 0.472 0.02818035426731079 0.096
0 0.4883252818035427 0.5013333333333333 0.029790660225442835 0.09066666666666667
0 0.07648953301127215 0.548 0.1529790660225443 0.44
0 0.10990338164251208 0.5306666666666666 0.08776167471819646 0.11733333333333333
0 0.22544283413848631 0.5053333333333333 0.061191626409017714 0.08266666666666667
