0 0.8904991948470209 0.7626666666666667 0.21739130434782608 0.4693333333333333
0 0.09098228663446055 0.792 0.1819645732689211 0.4106666666666667
0 0.6574074074074074 0.6493333333333333 0.18438003220611915 0.42933333333333334
0 0.19122383252818034 0.6946666666666667 0.19243156199677938 0.344
0 0.5221417069243156 0.564 0.061996779388083734 0.14666666666666667
0 0.3462157809983897 0.5626666666666666 0.0499194847020934 0.112
0 0.4867149758454106 0.536 0.03462157809983897 0.096
0 0.3784219001610306 0.5213333333333333 0.027375201288244767 0.06666666666666667
0 0.46819645732689213 0.5146666666666667 0.0249597423510467 0.06933333333333333
1 0.09460547504025765 0.7453333333333333 0.1892109500805153 0.504
