0 0.2459742351046699 0.744 0.2037037037037037 0.432
0 0.8772141706924316 0.7546666666666667 0.24396135265700483 0.48533333333333334
0 0.7101449275362319 0.728 0.22383252818035426 0.4746666666666667
0 0.6090982286634461 0.6026666666666667 0.11352657004830918 0.23466666666666666
0 0.33816425120772947 0.6306666666666667 0.10789049919484701 0.22666666666666666
0 0.3747987117552335 0.5786666666666667 0.05877616747181964 0.15466666666666667
0 0.3993558776167472 0.5586666666666666 0.0499194847020934 0.12
0 0.5768921095008052 0.5653333333333334 0.07004830917874397 0.16
0 0.5579710144927537 0.54 0.04669887278582931 0.12
0 0.714170692431562 0.484 0.08051529790660225 0.12533333333333332
0 0.5205314009661836 0.508 0.02818035426731079 0.06666666666666667
0 0.46296296296296297 0.5026666666666667 0.028985507246376812 0.04
1 0.43800322061191627 0.5 0.01288244766505636 0.04533333333333334
