0 0.7423510466988728 0.736 0.2608695652173913 0.49066666666666664
0 0.5901771336553945 0.5573333333333333 0.07729468599033816 0.21333333333333335
0 0.25161030595813205 0.5653333333333334 0.18276972624798712 0.21333333333333335
0 0.2898550724637681 0.5426666666666666 0.14009661835748793 0.184
0 0.2946859903381642 0.5226666666666666 0.11272141706924316 0.19733333333333333
0 0.35466988727858295 0.5173333333333333 0.0893719806763285 0.112
0 0.3723832528180354 0.516 0.08293075684380032 0.10933333333333334
0 0.3715780998389694 0.5053333333333333 0.06682769726247988 0.10933333333333334
0 0.40458937198067635 0.4706666666666667 0.0571658615136876 0.088
1 0.4673913043478261 0.47333333333333333 0.005636070853462158 0.04533333333333334
0 0.5430756843800322 0.5093333333333333 0.036231884057971016 0.096
0 0.5120772946859904 0.47333333333333333 0.017713365539452495 0.04533333333333334
