0 0.04589371980676329 0.7586666666666667 0.09178743961352658 0.47733333333333333
0 0.1388888888888889 0.6306666666666667 0.23752012882447665 0.28
0 0.21940418679549115 0.6066666666666667 0.21497584541062803 0.23733333333333334
0 0.24798711755233493 0.5826666666666667 0.17391304347826086 0.2
0 0.7753623188405797 0.7426666666666667 0.27053140096618356 0.5093333333333333
0 0.5821256038647343 0.5706666666666667 0.06280193236714976 0.144
0 0.3103864734299517 0.5693333333333334 0.12318840579710146 0.168
0 0.33132045088566825 0.5533333333333333 0.10225442834138486 0.168
0 0.35144927536231885 0.5413333333333333 0.08293075684380032 0.128
0 0.6316425120772947 0.5373333333333333 0.0893719806763285 0.09866666666666667
0 0.38003220611916266 0.504 0.07407407407407407 0.128
0 0.5277777777777778 0.4866666666666667 0.02818035426731079 0.09866666666666667
0 0.4057971014492754 0.5133333333333333 0.05958132045088567 0.06666666666666667
0 0.42028985507246375 0.5026666666666667 0.05314009661835749 0.072
0 0.5165056360708534 0.4826666666666667 0.020128824476650563 0.08
