0 0.0785024154589372 0.8506666666666667 0.1570048309178744 0.29333333333333333
0 0.8635265700483091 0.7586666666666667 0.2713365539452496 0.47733333333333333
0 0.8860708534621579 0.5906666666666667 0.22624798711755234 0.27466666666666667
0 0.34782608695652173 0.5866666666666667 0.09500805152979067 0.208
0 0.6103059581320451 0.5813333333333334 0.08695652173913043 0.208
0 0.38003220611916266 0.528 0.07246376811594203 0.21333333333333335
0 0.5776972624798712 0.5506666666666666 0.07004830917874397 0.15733333333333333
0 0.25925925925925924 0.4866666666666667 0.15136876006441224 0.184
0 0.499194847020934 0.476 0.020933977455716585 0.07733333333333334
0 0.6501610305958132 0.456 0.09259259259259259 0.11733333333333333
