0 0.4927536231884058 0.5306666666666666 0.043478260869565216 0.11733333333333333
0 0.06159420289855073 0.5013333333333333 0.12318840579710146 0.992
0 0.2463768115942029 0.6253333333333333 0.19484702093397746 0.27466666666666667
0 0.36312399355877617 0.5253333333333333 0.10789049919484701 0.16533333333333333
0 0.3808373590982287 0.5093333333333333 0.07890499194847021 0.14933333333333335
0 0.41304347826086957 0.49066666666666664 0.061191626409017714 0.10133333333333333
0 0.5402576489533011 0.47733333333333333 0.040257648953301126 0.128
0 0.4863123993558776 0.5026666666666667 0.027375201288244767 0.08266666666666667
0 0.30877616747181963 0.5533333333333333 0.17149758454106281 0.28
0 0.18357487922705315 0.4706666666666667 0.1288244766505636 0.232
