2 0.4737479806138934 0.5147058823529411 0.015347334410339256 0.15775401069518716
2 0.48909531502423265 0.5106951871657754 0.013731825525040387 0.1657754010695187
2 0.4111470113085622 0.6270053475935828 0.0630048465266559 0.45187165775401067
2 0.9672859450726979 0.5909090909090909 0.05573505654281099 0.46524064171123
2 0.4184168012924071 0.536096256684492 0.025848142164781908 0.20053475935828877
2 0.4281098546042003 0.6042780748663101 0.046849757673667204 0.31016042780748665
0 0.1732633279483037 0.6737967914438503 0.3465266558966074 0.6470588235294118
2 0.7605008077544426 0.5802139037433155 0.07189014539579967 0.4385026737967914
0 0.3412762520193861 0.5066844919786097 0.0815831987075929 0.21657754010695188
0 0.37479806138933763 0.4959893048128342 0.050080775444264945 0.15775401069518716
