0 0.49033816425120774 0.5066666666666667 0.01932367149758454 0.058666666666666666
0 0.8530595813204509 0.772 0.2922705314009662 0.45066666666666666
0 0.710950080515298 0.712 0.2109500805152979 0.44266666666666665
0 0.45209339774557167 0.5146666666666667 0.023349436392914653 0.064
0 0.5889694041867954 0.568 0.06682769726247988 0.17066666666666666
0 0.5640096618357487 0.544 0.05555555555555555 0.14933333333333335
0 0.535024154589372 0.5146666666666667 0.03140096618357488 0.08533333333333333
0 0.3663446054750403 0.5146666666666667 0.043478260869565216 0.05333333333333334
0 0.30917874396135264 0.5186666666666667 0.04830917874396135 0.056
2 0.5954106280193237 0.508 0.015297906602254429 0.136
