0 0.4178743961352657 0.5253333333333333 0.030595813204508857 0.08533333333333333
0 0.1529790660225443 0.516 0.061191626409017714 0.09866666666666667
0 0.20330112721417068 0.5053333333333333 0.04911433172302738 0.072
0 0.929549114331723 0.5813333333333334 0.09903381642512077 0.112
0 0.24235104669887278 0.5093333333333333 0.040257648953301126 0.064
0 0.44565217391304346 0.5026666666666667 0.020128824476650563 0.050666666666666665
0 0.4806763285024155 0.5386666666666666 0.040257648953301126 0.13333333333333333
0 0.08011272141706924 0.5333333333333333 0.0861513687600644 0.10133333333333333
1 0.7471819645732689 0.5666666666666667 0.02576489533011272 0.13066666666666665
0 0.9855072463768116 0.58 0.027375201288244767 0.104
