0 0.24194847020933977 0.768 0.2391304347826087 0.45866666666666667
0 0.09581320450885668 0.776 0.19162640901771336 0.44266666666666665
1 0.9351851851851852 0.7586666666666667 0.1280193236714976 0.47733333333333333
0 0.41505636070853463 0.58 0.05394524959742351 0.15733333333333333
0 0.44484702093397743 0.5506666666666666 0.033011272141706925 0.09866666666666667
0 0.4553140096618358 0.512 0.02818035426731079 0.10666666666666667
0 0.5813204508856683 0.5506666666666666 0.09500805152979067 0.12533333333333332
0 0.5676328502415459 0.5413333333333333 0.0821256038647343 0.096
0 0.5414653784219001 0.524 0.06038647342995169 0.08266666666666667
0 0.4690016103059581 0.504 0.018518518518518517 0.064
0 0.3687600644122383 0.604 0.10628019323671498 0.30133333333333334
