0 0.31561996779388085 0.6906666666666667 0.178743961352657 0.4
0 0.748792270531401 0.7173333333333334 0.2946859903381642 0.56
0 0.3892914653784219 0.6066666666666667 0.10869565217391304 0.232
0 0.5579710144927537 0.536 0.043478260869565216 0.112
0 0.6316425120772947 0.6173333333333333 0.11835748792270531 0.2693333333333333
2 0.3462157809983897 0.568 0.01610305958132045 0.21333333333333335
2 0.357890499194847 0.548 0.008856682769726247 0.17866666666666667
0 0.464170692431562 0.5133333333333333 0.026570048309178744 0.07733333333333334
0 0.5394524959742351 0.516 0.028985507246376812 0.08266666666666667
2 0.35950080515297905 0.5613333333333334 0.012077294685990338 0.17866666666666667
