2 0.2890499194847021 0.564 0.020933977455716585 0.232
1 0.9557165861513688 0.608 0.08695652173913043 0.352
0 0.0499194847020934 0.6693333333333333 0.0998389694041868 0.35733333333333334
0 0.42351046698872785 0.532 0.10950080515297907 0.12533333333333332
0 0.6517713365539453 0.48933333333333334 0.08132045088566828 0.11466666666666667
0 0.9476650563607085 0.436 0.10305958132045089 0.2
0 0.5772946859903382 0.49066666666666664 0.020933977455716585 0.05333333333333334
0 0.35144927536231885 0.5173333333333333 0.03462157809983897 0.08533333333333333
0 0.464170692431562 0.49733333333333335 0.021739130434782608 0.050666666666666665
0 0.4303542673107891 0.49733333333333335 0.026570048309178744 0.050666666666666665
