2 0.20678513731825526 0.7098930481283422 0.15347334410339256 0.5748663101604278
2 0.2568659127625202 0.7259358288770054 0.06946688206785137 0.5427807486631016
2 0.13247172859450726 0.7286096256684492 0.061389337641357025 0.5374331550802139
2 0.11873990306946688 0.6911764705882353 0.05815831987075929 0.4411764705882353
2 0.32673667205169626 0.6510695187165776 0.05250403877221325 0.446524064171123
2 0.14620355411954766 0.7098930481283422 0.048465266558966075 0.4572192513368984
2 0.2798869143780291 0.6577540106951871 0.062197092084006464 0.42245989304812837
0 0.30977382875605813 0.6082887700534759 0.11712439418416801 0.2647058823529412
1 0.3990306946688207 0.5307486631016043 0.025848142164781908 0.18983957219251338
2 0.5504846526655897 0.5066844919786097 0.020193861066235864 0.16844919786096257
2 0.44022617124394187 0.5133689839572193 0.011308562197092083 0.12299465240641712
2 0.4491114701130856 0.5080213903743316 0.012924071082390954 0.12834224598930483
