0 0.4782433521353747 0.511968085106383 0.0346494762288477 0.10372340425531915
0 0.09709911361804996 0.7779255319148937 0.19419822723609992 0.43882978723404253
0 0.08742949234488316 0.625 0.17485898468976632 0.2553191489361702
0 0.24818694601128122 0.6210106382978723 0.14826752618855762 0.26861702127659576
0 0.26591458501208703 0.5345744680851063 0.0821917808219178 0.1702127659574468
0 0.3851732473811442 0.5 0.064464141821112 0.20212765957446807
0 0.31103948428686545 0.5345744680851063 0.048348106365834004 0.09574468085106383
0 0.4145850120870266 0.5013297872340425 0.033037872683319904 0.08776595744680851
0 0.42707493956486703 0.5013297872340425 0.022562449637389202 0.05585106382978723
0 0.43795326349717967 0.47606382978723405 0.021756647864625302 0.0797872340425532
0 0.18331990330378728 0.5518617021276596 0.09427880741337631 0.1356382978723404
