0 0.06320450885668277 0.7946666666666666 0.12640901771336555 0.4053333333333333
0 0.17351046698872785 0.6973333333333334 0.19082125603864733 0.31733333333333336
0 0.27334943639291465 0.6226666666666667 0.10225442834138486 0.20533333333333334
0 0.33011272141706927 0.5826666666666667 0.07246376811594203 0.14133333333333334
0 0.785426731078905 0.48 0.15539452495974235 0.18666666666666668
0 0.7447665056360708 0.4693333333333333 0.0998389694041868 0.17066666666666666
0 0.712157809983897 0.47733333333333333 0.10386473429951691 0.14933333333333335
0 0.9778582930756844 0.39866666666666667 0.0426731078904992 0.12533333333333332
0 0.6723027375201288 0.48133333333333334 0.09500805152979067 0.12533333333333332
0 0.3743961352657005 0.552 0.0499194847020934 0.10133333333333333
0 0.5684380032206119 0.5293333333333333 0.05314009661835749 0.13066666666666665
0 0.5535426731078905 0.5186666666666667 0.039452495974235106 0.10933333333333334
