0 0.13083735909822866 0.6826666666666666 0.2616747181964573 0.3893333333333333
0 0.6686795491143317 0.6413333333333333 0.12640901771336555 0.2853333333333333
0 0.250402576489533 0.5933333333333334 0.18035426731078905 0.19466666666666665
0 0.32004830917874394 0.5546666666666666 0.11352657004830918 0.144
0 0.34782608695652173 0.5493333333333333 0.11594202898550725 0.13333333333333333
0 0.35466988727858295 0.5413333333333333 0.10225442834138486 0.12266666666666666
0 0.6179549114331723 0.5826666666666667 0.08132045088566828 0.21066666666666667
0 0.5672302737520128 0.54 0.039452495974235106 0.09866666666666667
0 0.3864734299516908 0.5373333333333333 0.07729468599033816 0.10933333333333334
0 0.5362318840579711 0.4866666666666667 0.02254428341384863 0.08266666666666667
0 0.43719806763285024 0.504 0.04830917874396135 0.05333333333333334
