0 0.5036231884057971 0.5893333333333334 0.06360708534621579 0.176
0 0.17552334943639292 0.5613333333333334 0.10466988727858294 0.15733333333333333
1 0.7995169082125604 0.5906666666666667 0.12077294685990338 0.28
0 0.5885668276972624 0.5173333333333333 0.07085346215780998 0.224
2 0.355877616747182 0.5706666666666667 0.02254428341384863 0.26666666666666666
0 0.2749597423510467 0.5146666666666667 0.05877616747181964 0.11733333333333333
0 0.36513687600644124 0.5373333333333333 0.09098228663446055 0.14666666666666667
0 0.39371980676328505 0.5333333333333333 0.08051529790660225 0.10133333333333333
0 0.4170692431561997 0.5186666666666667 0.057971014492753624 0.08266666666666667
0 0.43760064412238325 0.5 0.0426731078904992 0.056
0 0.5591787439613527 0.5226666666666666 0.039452495974235106 0.09066666666666667
0 0.48429951690821255 0.536 0.03462157809983897 0.10666666666666667
0 0.2822061191626409 0.5053333333333333 0.04911433172302738 0.072
