0 0.07125603864734299 0.6426666666666667 0.14251207729468598 0.7093333333333334
0 0.8812399355877617 0.756 0.2359098228663446 0.4826666666666667
0 0.7407407407407407 0.7093333333333334 0.1932367149758454 0.44266666666666665
0 0.043478260869565216 0.5386666666666666 0.08695652173913043 0.512
0 0.6908212560386473 0.544 0.10305958132045089 0.29333333333333333
0 0.48711755233494364 0.492 0.03542673107890499 0.12533333333333332
0 0.7383252818035426 0.44266666666666665 0.15780998389694043 0.19733333333333333
0 0.36191626409017713 0.5133333333333333 0.04589371980676329 0.09333333333333334
0 0.30676328502415456 0.496 0.05475040257648953 0.128
0 0.5978260869565217 0.49066666666666664 0.04911433172302738 0.09066666666666667
0 0.53341384863124 0.44 0.0249597423510467 0.09066666666666667
0 0.6348631239935588 0.484 0.050724637681159424 0.09866666666666667
0 0.501610305958132 0.428 0.024154589371980676 0.12533333333333332
0 0.20893719806763286 0.5146666666666667 0.06843800322061191 0.096
0 0.13043478260869565 0.52 0.061191626409017714 0.08533333333333333
