2 0.08239095315024232 0.7045454545454546 0.16478190630048464 0.5855614973262032
2 0.16639741518578352 0.7286096256684492 0.07431340872374798 0.5374331550802139
2 0.036752827140549275 0.7272727272727273 0.07350565428109855 0.5401069518716578
2 0.2726171243941842 0.6778074866310161 0.06704361873990307 0.4946524064171123
2 0.22172859450726978 0.6831550802139037 0.05411954765751212 0.4679144385026738
0 0.28554119547657514 0.6283422459893048 0.13489499192245558 0.29411764705882354
1 0.388529886914378 0.5481283422459893 0.030694668820678513 0.22459893048128343
2 0.5512924071082391 0.5120320855614974 0.018578352180936994 0.17914438502673796
2 0.4321486268174475 0.5120320855614974 0.012924071082390954 0.12566844919786097
2 0.438610662358643 0.5080213903743316 0.012924071082390954 0.12834224598930483
