0 0.49516908212560384 0.5226666666666666 0.03542673107890499 0.112
0 0.9066022544283414 0.708 0.18518518518518517 0.5786666666666667
0 0.7765700483091788 0.688 0.22946859903381642 0.44266666666666665
0 0.6988727858293076 0.5946666666666667 0.1723027375201288 0.30933333333333335
0 0.6614331723027376 0.572 0.12318840579710146 0.20533333333333334
0 0.6296296296296297 0.5453333333333333 0.11594202898550725 0.15733333333333333
0 0.42351046698872785 0.49866666666666665 0.01932367149758454 0.042666666666666665
0 0.3639291465378422 0.5386666666666666 0.04508856682769726 0.096
0 0.5789049919484702 0.512 0.07729468599033816 0.10133333333333333
0 0.5563607085346216 0.5026666666666667 0.061191626409017714 0.07733333333333334
0 0.538647342995169 0.484 0.04830917874396135 0.072
0 0.3776167471819646 0.49866666666666665 0.027375201288244767 0.058666666666666666
0 0.355475040257649 0.49466666666666664 0.016908212560386472 0.04533333333333334
