2 0.5543300653594772 0.4689189189189189 0.01715686274509804 0.15405405405405406
2 0.24468954248366012 0.5351351351351351 0.03022875816993464 0.32972972972972975
2 0.6045751633986928 0.5932432432432433 0.04738562091503268 0.43513513513513513
2 0.6000816993464052 0.55 0.04493464052287582 0.37567567567567567
2 0.5494281045751634 0.5945945945945946 0.04493464052287582 0.42702702702702705
2 0.5388071895424836 0.6054054054054054 0.04656862745098039 0.44324324324324327
2 0.4526143790849673 0.48783783783783785 0.026143790849673203 0.21351351351351353
2 0.47549019607843135 0.4810810810810811 0.024509803921568627 0.22162162162162163
2 0.4452614379084967 0.4810810810810811 0.02287581699346405 0.1945945945945946
2 0.41625816993464054 0.4918918918918919 0.018790849673202614 0.20540540540540542
2 0.35171568627450983 0.4837837837837838 0.022058823529411766 0.20540540540540542
2 0.3762254901960784 0.4851351351351351 0.01715686274509804 0.1810810810810811
2 0.3958333333333333 0.4743243243243243 0.02042483660130719 0.20270270270270271
0 0.1090686274509804 0.49864864864864866 0.2181372549019608 0.9972972972972973
