1 0.6593137254901961 0.5864864864864865 0.05065359477124183 0.22702702702702704
1 0.434640522875817 0.6337837837837837 0.058823529411764705 0.3162162162162162
2 0.5008169934640523 0.5486486486486486 0.013071895424836602 0.10270270270270271
2 0.053513071895424834 0.5635135135135135 0.015522875816993464 0.17027027027027028
2 0.07066993464052287 0.5648648648648649 0.01715686274509804 0.14594594594594595
1 0.46405228758169936 0.5418918918918919 0.027777777777777776 0.10540540540540541
2 0.20016339869281047 0.5648648648648649 0.017973856209150325 0.15135135135135136
2 0.19362745098039216 0.5621621621621622 0.014705882352941176 0.12972972972972974
2 0.4464869281045752 0.5337837837837838 0.015522875816993464 0.11621621621621622
2 0.46895424836601307 0.5554054054054054 0.014705882352941176 0.11621621621621622
