0 0.4371474617244158 0.5093085106382979 0.018533440773569703 0.04521276595744681
0 0.5068493150684932 0.5757978723404256 0.07735697018533441 0.19946808510638298
0 0.12489927477840451 0.6901595744680851 0.20467365028203063 0.3377659574468085
0 0.07937147461724416 0.5757978723404256 0.1587429492344883 0.26861702127659576
0 0.2510072522159549 0.5970744680851063 0.09750201450443191 0.18882978723404256
0 0.40934730056406127 0.5425531914893617 0.040290088638195005 0.12234042553191489
0 0.29572925060435135 0.550531914893617 0.06124093473005641 0.12234042553191489
0 0.2191780821917808 0.550531914893617 0.072522159548751 0.12234042553191489
0 0.3356164383561644 0.526595744680851 0.0346494762288477 0.0797872340425532
0 0.25543916196615635 0.5132978723404256 0.0531829170024174 0.11702127659574468
0 0.346897663174859 0.5186170212765957 0.0265914585012087 0.06382978723404255
0 0.3654311039484287 0.4920212765957447 0.021756647864625302 0.0851063829787234
