1 0.9473039215686274 0.5202702702702703 0.09722222222222222 0.28378378378378377
2 0.8075980392156863 0.48783783783783785 0.018790849673202614 0.17567567567567569
2 0.0951797385620915 0.6513513513513514 0.190359477124183 0.6918918918918919
2 0.061274509803921566 0.6256756756756757 0.12254901960784313 0.7432432432432432
2 0.6017156862745098 0.5554054054054054 0.031862745098039214 0.25135135135135134
1 0.7352941176470589 0.5202702702702703 0.0718954248366013 0.21351351351351353
1 0.9648692810457516 0.4972972972972973 0.06862745098039216 0.22702702702702704
2 0.8643790849673203 0.5418918918918919 0.03594771241830065 0.3216216216216216
2 0.8852124183006536 0.5405405405405406 0.03676470588235294 0.3837837837837838
2 0.8725490196078431 0.5594594594594594 0.026143790849673203 0.3027027027027027
0 0.49019607843137253 0.46216216216216216 0.016339869281045753 0.05945945945945946
