0 0.49557165861513686 0.5253333333333333 0.03462157809983897 0.10666666666666667
0 0.03140096618357488 0.64 0.06280193236714976 0.24
0 0.11956521739130435 0.5946666666666667 0.15539452495974235 0.208
0 0.6964573268921095 0.5866666666666667 0.14492753623188406 0.26666666666666666
0 0.6630434782608695 0.5613333333333334 0.12962962962962962 0.2
0 0.6135265700483091 0.552 0.10628019323671498 0.15466666666666667
0 0.5929951690821256 0.528 0.09098228663446055 0.144
0 0.5869565217391305 0.524 0.08373590982286634 0.11466666666666667
0 0.5736714975845411 0.516 0.0748792270531401 0.10933333333333334
0 0.4363929146537842 0.5 0.01610305958132045 0.04
0 0.5374396135265701 0.492 0.04106280193236715 0.050666666666666665
0 0.5289855072463768 0.484 0.037037037037037035 0.056
0 0.4082125603864734 0.49466666666666664 0.01932367149758454 0.04533333333333334
