0 0.8876811594202898 0.6986666666666667 0.22302737520128824 0.5973333333333334
0 0.08977455716586151 0.7853333333333333 0.17954911433172302 0.424
0 0.5974235104669887 0.5986666666666667 0.10144927536231885 0.22666666666666666
0 0.35507246376811596 0.5813333333333334 0.06763285024154589 0.14933333333333335
0 0.5410628019323671 0.5493333333333333 0.04669887278582931 0.12266666666666666
0 0.39049919484702095 0.5453333333333333 0.04669887278582931 0.12
0 0.41183574879227053 0.528 0.02818035426731079 0.07466666666666667
1 0.4561191626409018 0.504 0.005636070853462158 0.048
1 0.4617552334943639 0.5053333333333333 0.005636070853462158 0.04533333333333334
0 0.5157004830917874 0.5213333333333333 0.02818035426731079 0.08266666666666667
