0 0.4307568438003221 0.5186666666666667 0.02254428341384863 0.06666666666666667
0 0.18518518518518517 0.516 0.05152979066022544 0.088
0 0.22544283413848631 0.516 0.043478260869565216 0.06666666666666667
0 0.8747987117552335 0.572 0.08454106280193237 0.09866666666666667
0 0.25885668276972623 0.5146666666666667 0.036231884057971016 0.058666666666666666
0 0.44847020933977455 0.5013333333333333 0.017713365539452495 0.048
0 0.4786634460547504 0.5453333333333333 0.04106280193236715 0.136
0 0.12640901771336555 0.5266666666666666 0.07085346215780998 0.088
1 0.7270531400966184 0.56 0.02254428341384863 0.12266666666666666
0 0.9496779388083736 0.5706666666666667 0.071658615136876 0.09066666666666667
