0 0.05314009661835749 0.788 0.10628019323671498 0.4186666666666667
0 0.6030595813204509 0.588 0.0966183574879227 0.232
0 0.16867954911433172 0.58 0.1537842190016103 0.184
0 0.7624798711755234 0.7466666666666667 0.24798711755233493 0.5013333333333333
0 0.571658615136876 0.5453333333333333 0.057971014492753624 0.15733333333333333
0 0.36594202898550726 0.5586666666666666 0.06521739130434782 0.14666666666666667
0 0.39170692431562 0.5293333333333333 0.04911433172302738 0.136
0 0.5454911433172303 0.5213333333333333 0.039452495974235106 0.10933333333333334
0 0.8788244766505636 0.764 0.24074074074074073 0.4666666666666667
0 0.4138486312399356 0.528 0.037037037037037035 0.10666666666666667
0 0.5305958132045089 0.4653333333333333 0.03864734299516908 0.136
0 0.4392109500805153 0.5026666666666667 0.018518518518518517 0.04
