0 0.6876006441223832 0.64 0.15942028985507245 0.3413333333333333
0 0.4086151368760064 0.5453333333333333 0.06360708534621579 0.20533333333333334
2 0.6211755233494364 0.644 0.0426731078904992 0.296
0 0.25925925925925924 0.748 0.1964573268921095 0.44533333333333336
0 0.07890499194847021 0.7933333333333333 0.15780998389694043 0.408
0 0.5817230273752013 0.552 0.05555555555555555 0.128
0 0.6163446054750402 0.5746666666666667 0.07648953301127215 0.17866666666666667
0 0.4573268921095008 0.5013333333333333 0.02576489533011272 0.07466666666666667
0 0.57085346215781 0.5306666666666666 0.040257648953301126 0.10666666666666667
0 0.5587761674718197 0.52 0.0322061191626409 0.08533333333333333
0 0.5491143317230274 0.512 0.027375201288244767 0.07466666666666667
