0 0.08574879227053141 0.7586666666666667 0.17149758454106281 0.47733333333333333
0 0.8828502415458938 0.7573333333333333 0.23268921095008052 0.48
0 0.19444444444444445 0.64 0.17310789049919484 0.2986666666666667
0 0.7407407407407407 0.7066666666666667 0.2318840579710145 0.4533333333333333
0 0.4005636070853462 0.5053333333333333 0.04589371980676329 0.072
2 0.5466988727858293 0.49333333333333335 0.00966183574879227 0.096
0 0.4742351046698873 0.48533333333333334 0.04830917874396135 0.05333333333333334
0 0.30877616747181963 0.5066666666666667 0.05555555555555555 0.064
0 0.5587761674718197 0.484 0.05152979066022544 0.050666666666666665
0 0.500805152979066 0.4533333333333333 0.0644122383252818 0.112
