0 0.4939613526570048 0.5226666666666666 0.03784219001610306 0.11733333333333333
0 0.9162640901771336 0.7306666666666667 0.16586151368760063 0.5333333333333333
0 0.7874396135265701 0.668 0.22061191626409019 0.392
0 0.3812399355877617 0.5226666666666666 0.036231884057971016 0.07466666666666667
0 0.07447665056360708 0.7546666666666667 0.14895330112721417 0.432
0 0.6219806763285024 0.5333333333333333 0.11191626409017713 0.16
0 0.5793075684380032 0.5186666666666667 0.08293075684380032 0.10933333333333334
0 0.5479066022544283 0.48933333333333334 0.06038647342995169 0.09333333333333334
0 0.35144927536231885 0.5053333333333333 0.03462157809983897 0.072
0 0.36835748792270534 0.49466666666666664 0.02818035426731079 0.06133333333333333
0 0.4082125603864734 0.49066666666666664 0.01932367149758454 0.037333333333333336
0 0.3276972624798712 0.49866666666666665 0.02254428341384863 0.05333333333333334
