0 0.15539452495974235 0.712 0.23027375201288244 0.352
0 0.856682769726248 0.744 0.28502415458937197 0.5066666666666667
0 0.6940418679549114 0.6613333333333333 0.1723027375201288 0.37333333333333335
0 0.2830112721417069 0.612 0.09903381642512077 0.20533333333333334
0 0.5946054750402576 0.5613333333333334 0.071658615136876 0.15733333333333333
0 0.36272141706924316 0.5586666666666666 0.06360708534621579 0.12533333333333332
0 0.5684380032206119 0.5426666666666666 0.05475040257648953 0.12
0 0.4086151368760064 0.5173333333333333 0.029790660225442835 0.08
0 0.5446859903381642 0.512 0.036231884057971016 0.09066666666666667
0 0.45088566827697263 0.48933333333333334 0.040257648953301126 0.04533333333333334
