0 0.49516908212560384 0.5253333333333333 0.03542673107890499 0.112
0 0.964573268921095 0.7066666666666667 0.06924315619967794 0.5813333333333334
0 0.8148148148148148 0.7346666666666667 0.25442834138486314 0.5253333333333333
0 0.7194041867954911 0.612 0.18760064412238325 0.34933333333333333
0 0.6735104669887279 0.5813333333333334 0.13123993558776167 0.224
0 0.6372785829307569 0.5506666666666666 0.1215780998389694 0.168
0 0.42069243156199676 0.5 0.020128824476650563 0.04533333333333334
0 0.3534621578099839 0.544 0.0499194847020934 0.10666666666666667
0 0.5817230273752013 0.5146666666666667 0.07971014492753623 0.10666666666666667
0 0.5579710144927537 0.504 0.06280193236714976 0.08
0 0.5394524959742351 0.48533333333333334 0.0499194847020934 0.07466666666666667
0 0.3752012882447665 0.49866666666666665 0.027375201288244767 0.058666666666666666
0 0.3526570048309179 0.49466666666666664 0.017713365539452495 0.04533333333333334
