0 0.8752012882447665 0.7866666666666666 0.24798711755233493 0.42133333333333334
0 0.3663446054750403 0.5693333333333334 0.0644122383252818 0.16266666666666665
0 0.10990338164251208 0.772 0.21980676328502416 0.45066666666666666
0 0.7363123993558777 0.7533333333333333 0.2278582930756844 0.488
0 0.6014492753623188 0.596 0.09339774557165861 0.22133333333333333
0 0.5583735909822867 0.5653333333333334 0.06682769726247988 0.16533333333333333
0 0.535426731078905 0.5466666666666666 0.0499194847020934 0.11733333333333333
0 0.3892914653784219 0.5493333333333333 0.04911433172302738 0.11733333333333333
0 0.4082125603864734 0.528 0.0322061191626409 0.08
0 0.6384863123993558 0.492 0.05636070853462158 0.09333333333333334
