0 0.7194041867954911 0.6986666666666667 0.19082125603864733 0.4053333333333333
0 0.40660225442834136 0.58 0.07085346215780998 0.22133333333333333
2 0.6485507246376812 0.6786666666666666 0.04750402576489533 0.3333333333333333
0 0.22342995169082125 0.768 0.24396135265700483 0.45866666666666667
0 0.5909822866344605 0.5933333333333334 0.05958132045088567 0.14133333333333334
0 0.6316425120772947 0.6253333333333333 0.08454106280193237 0.20533333333333334
0 0.45933977455716585 0.5426666666666666 0.026570048309178744 0.07733333333333334
0 0.5793075684380032 0.564 0.0426731078904992 0.11466666666666667
0 0.5648148148148148 0.5546666666666666 0.03462157809983897 0.09066666666666667
0 0.5543478260869565 0.5466666666666666 0.029790660225442835 0.08
