0 0.48148148148148145 0.5026666666666667 0.027375201288244767 0.088
0 0.4891304347826087 0.48933333333333334 0.023349436392914653 0.08266666666666667
2 0.9577294685990339 0.6893333333333334 0.08293075684380032 0.616
0 0.712157809983897 0.7013333333333334 0.21980676328502416 0.45866666666666667
0 0.604669887278583 0.592 0.08695652173913043 0.25066666666666665
0 0.5406602254428341 0.5 0.036231884057971016 0.11466666666666667
0 0.07729468599033816 0.7186666666666667 0.15458937198067632 0.344
0 0.1855877616747182 0.6106666666666667 0.1392914653784219 0.224
0 0.28784219001610306 0.5546666666666666 0.07648953301127215 0.13866666666666666
0 0.5189210950080515 0.48133333333333334 0.018518518518518517 0.056
