0 0.4717969379532635 0.5305851063829787 0.0378726833199033 0.11436170212765957
0 0.035052377115229655 0.6728723404255319 0.07010475423045931 0.39361702127659576
0 0.29814665592264306 0.6595744680851063 0.16921837228041903 0.3670212765957447
0 0.21031426269137793 0.5904255319148937 0.11442385173247381 0.18617021276595744
0 0.06970185334407736 0.5877659574468085 0.13940370668815472 0.19148936170212766
0 0.39161966156325545 0.5478723404255319 0.0547945205479452 0.1276595744680851
0 0.354552780016116 0.5279255319148937 0.040290088638195005 0.08244680851063829
0 0.4246575342465753 0.5252659574468085 0.03384367445608381 0.07712765957446809
0 0.4403706688154714 0.4787234042553192 0.020145044319097503 0.0797872340425532
0 0.19379532634971797 0.5518617021276596 0.08299758259468171 0.13031914893617022
