0 0.821256038647343 0.7373333333333333 0.355877616747182 0.52
0 0.6477455716586151 0.6053333333333333 0.12962962962962962 0.30933333333333335
0 0.2665056360708535 0.668 0.14653784219001612 0.296
0 0.34098228663446056 0.58 0.0861513687600644 0.216
0 0.5768921095008052 0.5426666666666666 0.06521739130434782 0.16266666666666665
0 0.38405797101449274 0.5626666666666666 0.057971014492753624 0.15466666666666667
0 0.5615942028985508 0.5253333333333333 0.05394524959742351 0.11733333333333333
0 0.5450885668276972 0.48 0.05152979066022544 0.176
0 0.5132850241545893 0.49733333333333335 0.020128824476650563 0.050666666666666665
0 0.4331723027375201 0.5093333333333333 0.020933977455716585 0.048
