0 0.4939613526570048 0.5466666666666666 0.04428341384863124 0.12266666666666666
0 0.07769726247987117 0.6906666666666667 0.15539452495974235 0.6133333333333333
0 0.17351046698872785 0.6866666666666666 0.19887278582930756 0.5466666666666666
0 0.30676328502415456 0.5893333333333334 0.12721417069243157 0.20266666666666666
0 0.3506441223832528 0.5506666666666666 0.11191626409017713 0.2
0 0.38486312399355876 0.548 0.08856682769726248 0.11466666666666667
0 0.4227053140096618 0.5106666666666667 0.0499194847020934 0.072
0 0.5877616747181964 0.5213333333333333 0.08373590982286634 0.23733333333333334
0 0.535426731078905 0.5133333333333333 0.02254428341384863 0.06133333333333333
0 0.48752012882447665 0.516 0.02818035426731079 0.08266666666666667
0 0.2890499194847021 0.5266666666666666 0.07085346215780998 0.17333333333333334
