0 0.46333601933924257 0.5106382978723404 0.017727639000805803 0.047872340425531915
0 0.08299758259468171 0.7539893617021277 0.16599516518936341 0.4867021276595745
0 0.565269943593876 0.6037234042553191 0.10233682514101532 0.24468085106382978
0 0.24979854955680902 0.6196808510638298 0.11925866236905722 0.22340425531914893
0 0.15995165189363417 0.5598404255319149 0.13456889605157132 0.22606382978723405
0 0.3174858984689766 0.5731382978723404 0.0692989524576954 0.14627659574468085
0 0.4391619661563255 0.538563829787234 0.037066881547139406 0.11436170212765957
0 0.34125705076551166 0.5412234042553191 0.04915390813859791 0.10372340425531915
0 0.26510878323932313 0.5438829787234043 0.06124093473005641 0.10904255319148937
0 0.3698630136986301 0.5252659574468085 0.029008863819500404 0.07180851063829788
0 0.2961321514907333 0.5132978723404256 0.04593070104754231 0.10638297872340426
0 0.379129734085415 0.5132978723404256 0.023368251410153102 0.05851063829787234
0 0.3928283642224013 0.4920212765957447 0.018533440773569703 0.0797872340425532
