0 0.49597423510466987 0.5186666666666667 0.03542673107890499 0.10933333333333334
0 0.8880837359098228 0.7426666666666667 0.2222222222222222 0.5093333333333333
0 0.750402576489533 0.6573333333333333 0.20128824476650564 0.43466666666666665
0 0.6876006441223832 0.5946666666666667 0.16586151368760063 0.26666666666666666
0 0.6457326892109501 0.5546666666666666 0.13365539452495975 0.21866666666666668
0 0.6247987117552335 0.5453333333333333 0.09822866344605476 0.15733333333333333
0 0.605877616747182 0.5253333333333333 0.09581320450885668 0.128
0 0.4331723027375201 0.488 0.01610305958132045 0.037333333333333336
0 0.394122383252818 0.5186666666666667 0.03140096618357488 0.072
0 0.5700483091787439 0.5013333333333333 0.06763285024154589 0.09066666666666667
0 0.5499194847020934 0.496 0.05475040257648953 0.06933333333333333
0 0.5366344605475041 0.4826666666666667 0.04428341384863124 0.06933333333333333
0 0.3864734299516908 0.49466666666666664 0.024154589371980676 0.056
0 0.3647342995169082 0.488 0.01610305958132045 0.042666666666666665
