0 0.5080515297906603 0.584 0.0644122383252818 0.176
0 0.213768115942029 0.5613333333333334 0.0861513687600644 0.14133333333333334
1 0.7427536231884058 0.5706666666666667 0.09420289855072464 0.224
0 0.5756843800322061 0.5213333333333333 0.05958132045088567 0.19466666666666665
2 0.3788244766505636 0.5653333333333334 0.020128824476650563 0.21866666666666668
0 0.3003220611916264 0.52 0.04830917874396135 0.10133333333333333
0 0.3788244766505636 0.544 0.08132045088566828 0.128
0 0.40217391304347827 0.5333333333333333 0.0748792270531401 0.09066666666666667
0 0.4219001610305958 0.524 0.05475040257648953 0.07733333333333334
0 0.44122383252818037 0.5066666666666667 0.040257648953301126 0.05333333333333334
0 0.48389694041867953 0.536 0.03542673107890499 0.10666666666666667
0 0.2946859903381642 0.5106666666666667 0.04508856682769726 0.06666666666666667
