0 0.07246376811594203 0.776 0.14492753623188406 0.44266666666666665
0 0.9545088566827697 0.4493333333333333 0.0893719806763285 0.344
0 0.3393719806763285 0.616 0.10225442834138486 0.208
0 0.22624798711755234 0.7106666666666667 0.22383252818035426 0.408
0 0.6368760064412239 0.532 0.07568438003220612 0.152
0 0.3892914653784219 0.5626666666666666 0.06521739130434782 0.14933333333333335
0 0.4223027375201288 0.5466666666666666 0.04106280193236715 0.10666666666666667
0 0.4335748792270531 0.536 0.036231884057971016 0.09066666666666667
0 0.5406602254428341 0.5253333333333333 0.036231884057971016 0.10133333333333333
0 0.644122383252818 0.5106666666666667 0.10628019323671498 0.12
0 0.5567632850241546 0.5213333333333333 0.0426731078904992 0.08266666666666667
0 0.5809178743961353 0.512 0.04428341384863124 0.08
0 0.5696457326892109 0.47333333333333333 0.036231884057971016 0.034666666666666665
0 0.47302737520128824 0.4786666666666667 0.03140096618357488 0.034666666666666665
