0 0.5060386473429952 0.5586666666666666 0.05394524959742351 0.168
0 0.7697262479871175 0.6533333333333333 0.178743961352657 0.384
0 0.645330112721417 0.568 0.12318840579710146 0.192
0 0.11030595813204509 0.672 0.22061191626409019 0.37333333333333335
0 0.08816425120772947 0.6026666666666667 0.16183574879227053 0.2613333333333333
0 0.3671497584541063 0.544 0.06602254428341385 0.11733333333333333
0 0.46578099838969406 0.496 0.02818035426731079 0.06933333333333333
0 0.2669082125603865 0.548 0.08293075684380032 0.13066666666666665
0 0.3723832528180354 0.524 0.050724637681159424 0.07733333333333334
0 0.5487117552334944 0.4866666666666667 0.020128824476650563 0.04533333333333334
0 0.16143317230273752 0.5546666666666666 0.10386473429951691 0.128
