0 0.47703464947622887 0.5106382978723404 0.032232070910556 0.09574468085106383
0 0.09669621273166801 0.7632978723404256 0.19339242546333602 0.46808510638297873
0 0.09468170829975826 0.6343085106382979 0.18936341659951653 0.2632978723404255
0 0.30338436744560837 0.6103723404255319 0.11200644641418211 0.2154255319148936
0 0.2550362610797744 0.5531914893617021 0.07977437550362611 0.13829787234042554
0 0.3501208702659146 0.5465425531914894 0.06688154713940371 0.14095744680851063
0 0.4101531023368251 0.488031914893617 0.043513295729250605 0.14095744680851063
0 0.42707493956486703 0.49601063829787234 0.0257856567284448 0.07180851063829788
0 0.4419822723609992 0.47606382978723405 0.018533440773569703 0.06914893617021277
0 0.03585817888799355 0.598404255319149 0.0717163577759871 0.23404255319148937
