0 0.31239935587761675 0.6093333333333333 0.10950080515297907 0.216
0 0.8699677938808373 0.7426666666666667 0.2584541062801932 0.5093333333333333
0 0.7210144927536232 0.6626666666666666 0.16666666666666666 0.33866666666666667
0 0.36594202898550726 0.5653333333333334 0.07326892109500806 0.14933333333333335
0 0.6380837359098228 0.5826666666666667 0.09098228663446055 0.20533333333333334
0 0.394122383252818 0.548 0.0571658615136876 0.11466666666666667
0 0.6014492753623188 0.5533333333333333 0.06763285024154589 0.152
0 0.4416264090177134 0.512 0.02818035426731079 0.06933333333333333
0 0.5825281803542673 0.5373333333333333 0.04750402576489533 0.12
0 0.5736714975845411 0.5226666666666666 0.036231884057971016 0.096
