0 0.8780193236714976 0.7373333333333333 0.24235104669887278 0.52
0 0.11594202898550725 0.7466666666666667 0.2318840579710145 0.5013333333333333
0 0.7262479871175523 0.68 0.2286634460547504 0.432
0 0.605475040257649 0.46 0.1288244766505636 0.408
0 0.5615942028985508 0.5173333333333333 0.05233494363929147 0.16
0 0.5491143317230274 0.5186666666666667 0.043478260869565216 0.10933333333333334
0 0.5213365539452496 0.5066666666666667 0.029790660225442835 0.08
0 0.4053945249597424 0.5226666666666666 0.02818035426731079 0.06933333333333333
0 0.5020128824476651 0.5026666666666667 0.033011272141706925 0.07733333333333334
0 0.4758454106280193 0.49866666666666665 0.024154589371980676 0.05333333333333334
