0 0.24677938808373592 0.6786666666666666 0.21980676328502416 0.45066666666666666
0 0.8812399355877617 0.7333333333333333 0.2359098228663446 0.528
0 0.7471819645732689 0.72 0.20450885668276972 0.464
0 0.5048309178743962 0.5493333333333333 0.08695652173913043 0.17066666666666666
0 0.6799516908212561 0.592 0.08132045088566828 0.24
0 0.8784219001610306 0.456 0.10305958132045089 0.176
0 0.8027375201288245 0.4666666666666667 0.08856682769726248 0.15466666666666667
0 0.5495169082125604 0.49733333333333335 0.0426731078904992 0.09333333333333334
0 0.5785024154589372 0.4786666666666667 0.03140096618357488 0.072
0 0.6505636070853462 0.42933333333333334 0.037037037037037035 0.112
