0 0.8345410628019324 0.7306666666666667 0.32930756843800324 0.5333333333333333
0 0.071658615136876 0.7413333333333333 0.143317230273752 0.512
0 0.08977455716586151 0.6573333333333333 0.17954911433172302 0.49333333333333335
0 0.13083735909822866 0.6373333333333333 0.22624798711755234 0.2773333333333333
0 0.2427536231884058 0.6066666666666667 0.17632850241545894 0.216
0 0.2890499194847021 0.584 0.15136876006441224 0.19733333333333333
0 0.30434782608695654 0.568 0.1143317230273752 0.18133333333333335
0 0.3196457326892109 0.548 0.13526570048309178 0.16266666666666665
0 0.3498389694041868 0.532 0.09259259259259259 0.12
0 0.38405797101449274 0.5 0.07729468599033816 0.12
1 0.463365539452496 0.49866666666666665 0.007246376811594203 0.058666666666666666
0 0.5837359098228664 0.572 0.06280193236714976 0.16266666666666665
0 0.6513687600644122 0.5306666666666666 0.10789049919484701 0.144
0 0.5857487922705314 0.49866666666666665 0.061996779388083734 0.09066666666666667
0 0.5221417069243156 0.49866666666666665 0.021739130434782608 0.05333333333333334
