0 0.09702093397745572 0.7813333333333333 0.19404186795491143 0.432
0 0.21497584541062803 0.6653333333333333 0.14492753623188406 0.2693333333333333
0 0.2995169082125604 0.6066666666666667 0.09178743961352658 0.17333333333333334
0 0.8578904991948471 0.4826666666666667 0.20048309178743962 0.23466666666666666
0 0.7966988727858293 0.476 0.1247987117552335 0.20533333333333334
0 0.7520128824476651 0.47733333333333333 0.12560386473429952 0.176
0 0.7012882447665056 0.48533333333333334 0.11272141706924316 0.144
0 0.35950080515297905 0.56 0.06038647342995169 0.11733333333333333
0 0.5829307568438004 0.544 0.06763285024154589 0.15466666666666667
0 0.5619967793880838 0.5253333333333333 0.04669887278582931 0.128
