0 0.5056360708534622 0.712 0.178743961352657 0.56
0 0.3196457326892109 0.52 0.0322061191626409 0.05333333333333334
0 0.28462157809983896 0.5266666666666666 0.03140096618357488 0.056
0 0.357085346215781 0.5093333333333333 0.03140096618357488 0.05333333333333334
0 0.8180354267310789 0.5226666666666666 0.1111111111111111 0.11733333333333333
0 0.8752012882447665 0.5346666666666666 0.16747181964573268 0.168
0 0.5225442834138486 0.516 0.07890499194847021 0.088
0 0.893317230273752 0.49733333333333335 0.09098228663446055 0.10933333333333334
0 0.18719806763285024 0.5426666666666666 0.11030595813204509 0.152
0 0.10950080515297907 0.5813333333333334 0.14170692431561996 0.18133333333333335
