0 0.49516908212560384 0.5253333333333333 0.033816425120772944 0.10666666666666667
0 0.07326892109500806 0.6253333333333333 0.14653784219001612 0.22133333333333333
0 0.18156199677938809 0.5733333333333334 0.11674718196457327 0.17066666666666666
0 0.6545893719806763 0.5613333333333334 0.11916264090177134 0.20533333333333334
0 0.6348631239935588 0.5493333333333333 0.11030595813204509 0.16533333333333333
0 0.5970209339774557 0.54 0.09420289855072464 0.13066666666666665
0 0.5813204508856683 0.5293333333333333 0.08051529790660225 0.12533333333333332
0 0.5768921095008052 0.5173333333333333 0.0748792270531401 0.10133333333333333
0 0.5652173913043478 0.5133333333333333 0.06763285024154589 0.09866666666666667
0 0.44122383252818037 0.49733333333333335 0.014492753623188406 0.034666666666666665
0 0.5273752012882448 0.484 0.03542673107890499 0.050666666666666665
0 0.4114331723027375 0.496 0.017713365539452495 0.042666666666666665
