0 0.4782433521353747 0.5093085106382979 0.0346494762288477 0.10372340425531915
0 0.062449637389202256 0.7898936170212766 0.12489927477840451 0.4148936170212766
0 0.072522159548751 0.6462765957446809 0.145044319097502 0.2925531914893617
0 0.21877518130539886 0.6422872340425532 0.17485898468976632 0.3058510638297872
0 0.24899274778404512 0.538563829787234 0.09186140209508462 0.18351063829787234
0 0.37953263497179696 0.5026595744680851 0.0692989524576954 0.2127659574468085
0 0.30177276390008057 0.5372340425531915 0.052377115229653506 0.10106382978723404
0 0.4121676067687349 0.5013297872340425 0.0346494762288477 0.09308510638297872
0 0.4258662369057212 0.5039893617021277 0.023368251410153102 0.05585106382978723
0 0.4375503626107977 0.47606382978723405 0.022562449637389202 0.0797872340425532
0 0.1651893634165995 0.5571808510638298 0.1031426269137792 0.14627659574468085
