2 0.7685185185185185 0.5586666666666666 0.0426731078904992 0.3333333333333333
0 0.8389694041867954 0.7466666666666667 0.29307568438003223 0.5013333333333333
0 0.6916264090177133 0.6293333333333333 0.13848631239935588 0.2773333333333333
0 0.33172302737520126 0.6213333333333333 0.12238325281803543 0.26666666666666666
0 0.3896940418679549 0.5786666666666667 0.07085346215780998 0.17066666666666666
0 0.6207729468599034 0.568 0.07729468599033816 0.176
0 0.42310789049919484 0.5426666666666666 0.050724637681159424 0.14133333333333334
0 0.4677938808373591 0.528 0.04508856682769726 0.10133333333333333
0 0.5933977455716586 0.5373333333333333 0.040257648953301126 0.12533333333333332
0 0.5471014492753623 0.5093333333333333 0.04428341384863124 0.07466666666666667
