0 0.7902576489533011 0.748 0.3276972624798712 0.49866666666666665
0 0.5970209339774557 0.5666666666666667 0.08293075684380032 0.22666666666666666
0 0.23510466988727857 0.576 0.1964573268921095 0.22933333333333333
0 0.2785829307568438 0.5533333333333333 0.1497584541062802 0.19466666666666665
0 0.28462157809983896 0.528 0.11835748792270531 0.208
0 0.3498389694041868 0.5226666666666666 0.09259259259259259 0.11733333333333333
0 0.36835748792270534 0.5213333333333333 0.0861513687600644 0.11466666666666667
0 0.3671497584541063 0.508 0.06924315619967794 0.11466666666666667
0 0.4025764895330113 0.4746666666666667 0.057971014492753624 0.09066666666666667
1 0.4669887278582931 0.476 0.004830917874396135 0.04533333333333334
0 0.5454911433172303 0.5186666666666667 0.03784219001610306 0.09866666666666667
0 0.5124798711755234 0.4786666666666667 0.016908212560386472 0.04533333333333334
