0 0.49114331723027377 0.5013333333333333 0.01932367149758454 0.058666666666666666
0 0.9231078904991948 0.7906666666666666 0.15217391304347827 0.41333333333333333
0 0.8043478260869565 0.744 0.3365539452495974 0.5066666666666667
0 0.4496779388083736 0.5133333333333333 0.026570048309178744 0.072
0 0.6030595813204509 0.58 0.07890499194847021 0.19466666666666665
0 0.572463768115942 0.5493333333333333 0.06280193236714976 0.16533333333333333
0 0.5575684380032206 0.5293333333333333 0.04428341384863124 0.14133333333333334
0 0.538647342995169 0.52 0.033816425120772944 0.09066666666666667
0 0.36231884057971014 0.5133333333333333 0.04508856682769726 0.056
0 0.3031400966183575 0.5173333333333333 0.050724637681159424 0.058666666666666666
2 0.6030595813204509 0.5066666666666667 0.01610305958132045 0.144
