0 0.8454106280193237 0.6853333333333333 0.3075684380032206 0.624
0 0.11312399355877617 0.7746666666666666 0.22624798711755234 0.44533333333333336
0 0.5793075684380032 0.588 0.0861513687600644 0.2
0 0.357890499194847 0.5693333333333334 0.061996779388083734 0.136
0 0.5301932367149759 0.54 0.0426731078904992 0.11466666666666667
0 0.3892914653784219 0.5373333333333333 0.04106280193236715 0.11466666666666667
0 0.4082125603864734 0.5226666666666666 0.027375201288244767 0.07466666666666667
1 0.4500805152979066 0.49733333333333335 0.00644122383252818 0.04533333333333334
1 0.4553140096618358 0.49866666666666665 0.005636070853462158 0.042666666666666665
0 0.5080515297906603 0.5133333333333333 0.027375201288244767 0.07733333333333334
