2 0.21200980392156862 0.6324324324324324 0.03839869281045752 0.3675675675675676
2 0.1621732026143791 0.6189189189189189 0.049836601307189546 0.42702702702702705
2 0.31862745098039214 0.6608108108108108 0.05718954248366013 0.4891891891891892
1 0.8366013071895425 0.6189189189189189 0.06372549019607843 0.3027027027027027
1 0.9648692810457516 0.5743243243243243 0.03431372549019608 0.17027027027027028
2 0.5894607843137255 0.5108108108108108 0.008986928104575163 0.11351351351351352
2 0.6021241830065359 0.5202702702702703 0.011437908496732025 0.0945945945945946
1 0.8108660130718954 0.527027027027027 0.03839869281045752 0.11351351351351352
2 0.9109477124183006 0.5283783783783784 0.011437908496732025 0.11621621621621622
2 0.9387254901960784 0.5513513513513514 0.0196078431372549 0.11891891891891893
