0 0.9464869281045751 0.5662162162162162 0.1053921568627451 0.13783783783783785
0 0.8937908496732027 0.5608108108108109 0.10130718954248366 0.13243243243243244
0 0.8251633986928104 0.5608108108108109 0.09477124183006536 0.14324324324324325
0 0.505718954248366 0.5054054054054054 0.027777777777777776 0.08108108108108109
1 0.39501633986928103 0.5256756756756756 0.03022875816993464 0.15405405405405406
1 0.4158496732026144 0.4945945945945946 0.013071895424836602 0.08108108108108109
2 0.16094771241830066 0.4648648648648649 0.014705882352941176 0.12972972972972974
2 0.16339869281045752 0.5094594594594595 0.027777777777777776 0.20270270270270271
1 0.7197712418300654 0.5851351351351352 0.09640522875816994 0.4135135135135135
2 0.2136437908496732 0.4864864864864865 0.015522875816993464 0.14054054054054055
2 0.18709150326797386 0.48243243243243245 0.0196078431372549 0.14324324324324325
2 0.4579248366013072 0.5986486486486486 0.04493464052287582 0.34324324324324323
2 0.4897875816993464 0.572972972972973 0.04330065359477124 0.32432432432432434
2 0.5359477124183006 0.5878378378378378 0.042483660130718956 0.37027027027027026
2 0.8602941176470589 0.677027027027027 0.10294117647058823 0.581081081081081
2 0.8741830065359477 0.6594594594594595 0.09640522875816994 0.5081081081081081
2 0.6601307189542484 0.6648648648648648 0.08823529411764706 0.5459459459459459
2 0.6895424836601307 0.654054054054054 0.05555555555555555 0.5027027027027027
2 0.698937908496732 0.6405405405405405 0.049836601307189546 0.42702702702702705
2 0.5069444444444444 0.6148648648648649 0.05800653594771242 0.4027027027027027
