0 0.16344605475040258 0.764 0.32689210950080516 0.4666666666666667
0 0.3526570048309179 0.5533333333333333 0.13687600644122383 0.4186666666666667
0 0.8651368760064412 0.692 0.26811594202898553 0.6106666666666667
0 0.7640901771336553 0.6173333333333333 0.3252818035426731 0.3546666666666667
0 0.1107085346215781 0.7693333333333333 0.2214170692431562 0.456
0 0.6014492753623188 0.5346666666666666 0.14653784219001612 0.2
0 0.42310789049919484 0.5173333333333333 0.06360708534621579 0.18133333333333335
0 0.5293880837359098 0.5106666666666667 0.03140096618357488 0.09333333333333334
0 0.5169082125603864 0.5053333333333333 0.028985507246376812 0.088
2 0.46819645732689213 0.4826666666666667 0.007246376811594203 0.05333333333333334
2 0.4718196457326892 0.4826666666666667 0.00644122383252818 0.05333333333333334
0 0.4464573268921095 0.48533333333333334 0.013687600644122383 0.048
