0 0.22549019607843138 0.7445945945945946 0.25980392156862747 0.5
2 0.5306372549019608 0.5351351351351351 0.04493464052287582 0.24864864864864866
1 0.8031045751633987 0.46216216216216216 0.04411764705882353 0.12432432432432433
2 0.3394607843137255 0.5608108108108109 0.041666666666666664 0.2891891891891892
1 0.7593954248366013 0.4756756756756757 0.025326797385620915 0.15135135135135136
2 0.11968954248366014 0.5797297297297297 0.02042483660130719 0.20270270270270271
2 0.10702614379084967 0.5905405405405405 0.026143790849673203 0.1972972972972973
1 0.29411764705882354 0.572972972972973 0.08169934640522876 0.24864864864864866
2 0.07066993464052287 0.6 0.035130718954248366 0.21081081081081082
2 0.023284313725490197 0.6027027027027027 0.03839869281045752 0.2648648648648649
2 0.1576797385620915 0.5675675675675675 0.026143790849673203 0.25405405405405407
0 0.9550653594771242 0.46216216216216216 0.08823529411764706 0.10810810810810811
0 0.3880718954248366 0.4851351351351351 0.024509803921568627 0.062162162162162166
