0 0.49516908212560384 0.5426666666666666 0.04669887278582931 0.12533333333333332
0 0.12842190016103058 0.7546666666666667 0.25684380032206117 0.48533333333333334
0 0.2918679549114332 0.5933333333333334 0.1280193236714976 0.232
0 0.33454106280193235 0.5653333333333334 0.11674718196457327 0.18133333333333335
0 0.38164251207729466 0.5306666666666666 0.08856682769726248 0.11733333333333333
0 0.4214975845410628 0.484 0.06843800322061191 0.12
0 0.8478260869565217 0.756 0.3027375201288245 0.4826666666666667
0 0.6972624798711755 0.6093333333333333 0.1529790660225443 0.32266666666666666
2 0.5744766505636071 0.532 0.015297906602254429 0.12533333333333332
0 0.7181964573268921 0.5333333333333333 0.1143317230273752 0.144
0 0.048711755233494365 0.6386666666666667 0.09742351046698873 0.312
0 0.49074074074074076 0.5093333333333333 0.02818035426731079 0.08533333333333333
0 0.11876006441223833 0.5813333333333334 0.15539452495974235 0.24
0 0.2177938808373591 0.5533333333333333 0.10064412238325282 0.168
0 0.8514492753623188 0.5066666666666667 0.1747181964573269 0.21333333333333335
0 0.24758454106280192 0.504 0.05877616747181964 0.096
