0 0.49879227053140096 0.5333333333333333 0.0426731078904992 0.13333333333333333
0 0.09138486312399356 0.7426666666666667 0.18276972624798712 0.3973333333333333
0 0.8599033816425121 0.72 0.2673107890499195 0.5546666666666666
0 0.6654589371980676 0.5786666666666667 0.1473429951690821 0.22933333333333333
0 0.6409017713365539 0.5506666666666666 0.11594202898550725 0.17866666666666667
0 0.6227858293075684 0.5266666666666666 0.09420289855072464 0.15733333333333333
0 0.5801127214170693 0.5013333333333333 0.08454106280193237 0.13866666666666666
0 0.5615942028985508 0.5066666666666667 0.06360708534621579 0.08533333333333333
0 0.5414653784219001 0.49333333333333335 0.0426731078904992 0.058666666666666666
0 0.30515297906602257 0.52 0.05475040257648953 0.10133333333333333
0 0.42592592592592593 0.4746666666666667 0.0322061191626409 0.096
0 0.3357487922705314 0.52 0.040257648953301126 0.08
0 0.3607085346215781 0.5173333333333333 0.030595813204508857 0.058666666666666666
0 0.3973429951690821 0.49733333333333335 0.026570048309178744 0.04533333333333334
0 0.28462157809983896 0.5146666666666667 0.033011272141706925 0.06933333333333333
0 0.052737520128824475 0.524 0.03462157809983897 0.08266666666666667
