0 0.5096618357487923 0.58 0.0644122383252818 0.17866666666666667
0 0.2290660225442834 0.5506666666666666 0.07971014492753623 0.13066666666666665
1 0.7226247987117552 0.5586666666666666 0.08454106280193237 0.20533333333333334
0 0.57085346215781 0.5106666666666667 0.05475040257648953 0.184
2 0.3892914653784219 0.5466666666666666 0.015297906602254429 0.20266666666666666
0 0.31239935587761675 0.5133333333333333 0.04508856682769726 0.09333333333333334
0 0.38446054750402575 0.5333333333333333 0.07648953301127215 0.12266666666666666
0 0.40660225442834136 0.528 0.07246376811594203 0.08533333333333333
0 0.4251207729468599 0.5173333333333333 0.05314009661835749 0.07466666666666667
0 0.4428341384863124 0.5026666666666667 0.03864734299516908 0.050666666666666665
0 0.48389694041867953 0.5386666666666666 0.03542673107890499 0.10666666666666667
0 0.3003220611916264 0.5053333333333333 0.043478260869565216 0.06666666666666667
