0 0.3309178743961353 0.6866666666666666 0.15136876006441224 0.38133333333333336
0 0.8909017713365539 0.8186666666666667 0.21658615136876005 0.35733333333333334
0 0.6859903381642513 0.744 0.18679549114331723 0.4693333333333333
0 0.5913848631239935 0.644 0.09903381642512077 0.25866666666666666
0 0.3836553945249597 0.6106666666666667 0.07648953301127215 0.21866666666666668
0 0.40418679549114334 0.5826666666666667 0.05958132045088567 0.152
0 0.5595813204508857 0.5773333333333334 0.06280193236714976 0.16266666666666665
0 0.5362318840579711 0.5666666666666667 0.04669887278582931 0.12533333333333332
0 0.43719806763285024 0.544 0.0322061191626409 0.09066666666666667
0 0.4496779388083736 0.5213333333333333 0.02818035426731079 0.09333333333333334
0 0.46215780998389694 0.524 0.02576489533011272 0.07733333333333334
