0 0.47784045124899277 0.5106382978723404 0.0273972602739726 0.0851063829787234
0 0.041901692183722805 0.6595744680851063 0.08380338436744561 0.35638297872340424
0 0.177276390008058 0.7473404255319149 0.2610797743755036 0.4574468085106383
0 0.1998388396454472 0.5957446808510638 0.11603545527800162 0.16489361702127658
0 0.35294117647058826 0.5731382978723404 0.07413376309427881 0.15691489361702127
0 0.3074133763094279 0.535904255319149 0.057211925866236905 0.1196808510638298
0 0.39000805801772764 0.5372340425531915 0.045124899274778404 0.10106382978723404
0 0.41498791297340853 0.5252659574468085 0.030620467365028204 0.07180851063829788
0 0.03908138597904915 0.6090425531914894 0.0781627719580983 0.2074468085106383
0 0.19621273166800968 0.5305851063829787 0.09427880741337631 0.1675531914893617
