2 0.028985507246376812 0.7346666666666667 0.040257648953301126 0.472
0 0.8409822866344605 0.7466666666666667 0.3164251207729469 0.5013333333333333
0 0.249597423510467 0.7386666666666667 0.20772946859903382 0.44266666666666665
0 0.32689210950080516 0.6546666666666666 0.12238325281803543 0.22133333333333333
0 0.6203703703703703 0.6106666666666667 0.11674718196457327 0.25066666666666665
0 0.40458937198067635 0.5386666666666666 0.04750402576489533 0.11733333333333333
0 0.5527375201288245 0.5346666666666666 0.04428341384863124 0.11466666666666667
0 0.4142512077294686 0.5066666666666667 0.04106280193236715 0.13333333333333333
0 0.5406602254428341 0.5253333333333333 0.04106280193236715 0.096
0 0.32045088566827695 0.48 0.10789049919484701 0.13333333333333333
0 0.4923510466988728 0.48133333333333334 0.018518518518518517 0.06666666666666667
0 0.6155394524959742 0.468 0.07326892109500806 0.09333333333333334
