0 0.8534621578099839 0.7733333333333333 0.2914653784219002 0.448
0 0.08655394524959742 0.6413333333333333 0.17310789049919484 0.52
0 0.1280193236714976 0.644 0.2560386473429952 0.33866666666666667
0 0.1823671497584541 0.5893333333333334 0.2391304347826087 0.288
0 0.3031400966183575 0.54 0.13285024154589373 0.15733333333333333
0 0.3438003220611916 0.5133333333333333 0.0998389694041868 0.152
0 0.5692431561996779 0.5493333333333333 0.057971014492753624 0.144
0 0.6876006441223832 0.6826666666666666 0.17713365539452497 0.3893333333333333
0 0.5418679549114331 0.504 0.037037037037037035 0.10666666666666667
0 0.37721417069243157 0.5106666666666667 0.08132045088566828 0.09866666666666667
