2 0.3331987075928918 0.6938502673796791 0.05088852988691438 0.393048128342246
2 0.7427302100161551 0.5855614973262032 0.036348949919224556 0.27807486631016043
2 0.28554119547657514 0.6403743315508021 0.02988691437802908 0.339572192513369
2 0.3945880452342488 0.5949197860962567 0.034733441033925685 0.25935828877005346
2 0.6429725363489499 0.553475935828877 0.029079159935379646 0.22994652406417113
2 0.4834410339256866 0.5454545454545454 0.021809369951534735 0.18181818181818182
2 0.45153473344103395 0.5401069518716578 0.014539579967689823 0.1497326203208556
2 0.46122778675282716 0.5240641711229946 0.012924071082390954 0.13903743315508021
2 0.5678513731825525 0.5254010695187166 0.012924071082390954 0.14705882352941177
0 0.9002423263327949 0.49866310160427807 0.0024232633279483036 0.9973262032085561
