0 0.055958132045088566 0.676 0.11191626409017713 0.6426666666666667
0 0.8293075684380032 0.7653333333333333 0.3397745571658615 0.464
0 0.3808373590982287 0.5506666666666666 0.05475040257648953 0.14133333333333334
0 0.1537842190016103 0.7493333333333333 0.3059581320450886 0.496
0 0.6642512077294686 0.648 0.14492753623188406 0.3253333333333333
0 0.5821256038647343 0.5733333333333334 0.07568438003220612 0.18133333333333335
0 0.5479066022544283 0.5506666666666666 0.05555555555555555 0.14133333333333334
0 0.5297906602254429 0.5346666666666666 0.043478260869565216 0.104
0 0.41223832528180354 0.5146666666666667 0.028985507246376812 0.07466666666666667
0 0.6280193236714976 0.49066666666666664 0.05314009661835749 0.08533333333333333
