0 0.11030595813204509 0.664 0.22061191626409019 0.5653333333333334
0 0.8156199677938808 0.7626666666666667 0.33816425120772947 0.4693333333333333
0 0.11634460547504026 0.616 0.23268921095008052 0.4053333333333333
0 0.18961352657004832 0.6106666666666667 0.2069243156199678 0.2773333333333333
0 0.22584541062801933 0.5826666666666667 0.20209339774557167 0.248
0 0.32085346215780997 0.532 0.11996779388083736 0.14133333333333334
0 0.35507246376811596 0.5186666666666667 0.09178743961352658 0.14133333333333334
0 0.5628019323671497 0.54 0.05152979066022544 0.13066666666666665
0 0.6493558776167472 0.644 0.13446054750402575 0.312
0 0.538647342995169 0.5106666666666667 0.033816425120772944 0.09866666666666667
0 0.3836553945249597 0.5093333333333333 0.07648953301127215 0.09066666666666667
