0 0.12439613526570048 0.7773333333333333 0.24879227053140096 0.44
0 0.9098228663446055 0.728 0.178743961352657 0.5386666666666666
0 0.3256843800322061 0.628 0.10869565217391304 0.296
0 0.36594202898550726 0.592 0.09098228663446055 0.18666666666666668
0 0.677133655394525 0.4693333333333333 0.05475040257648953 0.058666666666666666
0 0.8727858293075684 0.7493333333333333 0.20611916264090177 0.496
0 0.8289049919484702 0.6373333333333333 0.14090177133655393 0.3413333333333333
0 0.6719001610305958 0.5226666666666666 0.13446054750402575 0.16533333333333333
0 0.9971819645732689 0.5466666666666666 0.004025764895330112 0.192
0 0.8957326892109501 0.516 0.10064412238325282 0.12
