0 0.45044319097502017 0.5345744680851063 0.043513295729250605 0.13297872340425532
0 0.34367445608380337 0.5851063829787234 0.0862207896857373 0.21808510638297873
0 0.05640612409347301 0.6808510638297872 0.11281224818694602 0.3404255319148936
0 0.22884770346494762 0.5704787234042553 0.09186140209508462 0.15691489361702127
0 0.11160354552780016 0.5412234042553191 0.12651087832393232 0.2047872340425532
0 0.36261079774375504 0.5492021276595744 0.046736502820306204 0.1196808510638298
0 0.29250604351329573 0.5412234042553191 0.0531829170024174 0.10372340425531915
0 0.2199838839645447 0.5345744680851063 0.0547945205479452 0.09042553191489362
0 0.3432715551974214 0.4920212765957447 0.035455278001611606 0.11702127659574468
0 0.40290088638195004 0.4640957446808511 0.020950846091861403 0.10904255319148937
