0 0.8450080515297906 0.748 0.3083735909822866 0.49866666666666665
0 0.24033816425120774 0.7226666666666667 0.17954911433172302 0.3466666666666667
0 0.605475040257649 0.6 0.09339774557165861 0.22933333333333333
0 0.3530595813204509 0.588 0.08293075684380032 0.19466666666666665
0 0.4053945249597424 0.5413333333333333 0.03784219001610306 0.10133333333333333
1 0.4609500805152979 0.508 0.007246376811594203 0.06133333333333333
1 0.47061191626409016 0.504 0.007246376811594203 0.058666666666666666
0 0.427536231884058 0.524 0.02576489533011272 0.06133333333333333
0 0.5181159420289855 0.49866666666666665 0.015297906602254429 0.042666666666666665
0 0.5446859903381642 0.5253333333333333 0.04106280193236715 0.112
