0 0.5020128824476651 0.5506666666666666 0.06038647342995169 0.16266666666666665
0 0.09863123993558776 0.552 0.1473429951690821 0.20266666666666666
1 0.9307568438003221 0.6626666666666666 0.13687600644122383 0.44533333333333336
0 0.6183574879227053 0.5133333333333333 0.09500805152979067 0.2906666666666667
2 0.30515297906602257 0.596 0.033816425120772944 0.376
0 0.22705314009661837 0.5013333333333333 0.08051529790660225 0.144
0 0.3389694041867955 0.5306666666666666 0.10950080515297907 0.18133333333333335
0 0.35668276972624796 0.524 0.10144927536231885 0.136
0 0.37962962962962965 0.5173333333333333 0.09420289855072464 0.11733333333333333
0 0.41183574879227053 0.496 0.061996779388083734 0.096
0 0.4355877616747182 0.47333333333333333 0.04669887278582931 0.06133333333333333
0 0.571256038647343 0.508 0.04750402576489533 0.104
0 0.5555555555555556 0.48133333333333334 0.03864734299516908 0.09866666666666667
0 0.4863123993558776 0.5013333333333333 0.033816425120772944 0.10133333333333333
0 0.26006441223832527 0.4826666666666667 0.05636070853462158 0.08
