0 0.13325281803542674 0.732 0.2181964573268921 0.38133333333333336
0 0.355475040257649 0.6213333333333333 0.09581320450885668 0.22933333333333333
0 0.2471819645732689 0.6426666666666667 0.12560386473429952 0.24533333333333332
1 0.6763285024154589 0.6026666666666667 0.09339774557165861 0.2613333333333333
0 0.9444444444444444 0.532 0.10950080515297907 0.2693333333333333
1 0.7065217391304348 0.6213333333333333 0.10225442834138486 0.304
0 0.4214975845410628 0.54 0.03784219001610306 0.10933333333333334
0 0.4537037037037037 0.504 0.013687600644122383 0.042666666666666665
0 0.5466988727858293 0.5226666666666666 0.07407407407407407 0.096
0 0.5185185185185185 0.5093333333333333 0.05152979066022544 0.06933333333333333
0 0.39855072463768115 0.5493333333333333 0.06280193236714976 0.18666666666666668
