0 0.49838969404186795 0.5306666666666666 0.04186795491143317 0.13333333333333333
0 0.13123993558776167 0.6813333333333333 0.20128824476650564 0.30133333333333334
0 0.8160225442834138 0.6786666666666666 0.24235104669887278 0.472
0 0.6545893719806763 0.5693333333333334 0.14009661835748793 0.21066666666666667
0 0.6324476650563607 0.5453333333333333 0.11030595813204509 0.168
0 0.6171497584541062 0.5226666666666666 0.09098228663446055 0.14933333333333335
0 0.5764895330112721 0.496 0.0821256038647343 0.13333333333333333
0 0.5591787439613527 0.5026666666666667 0.061996779388083734 0.08266666666666667
0 0.5402576489533011 0.49066666666666664 0.04186795491143317 0.058666666666666666
0 0.30998389694041867 0.5186666666666667 0.05152979066022544 0.09866666666666667
0 0.428341384863124 0.4706666666666667 0.030595813204508857 0.09333333333333334
0 0.3393719806763285 0.516 0.039452495974235106 0.07733333333333334
0 0.36312399355877617 0.5133333333333333 0.030595813204508857 0.056
0 0.39895330112721417 0.49733333333333335 0.0249597423510467 0.04533333333333334
0 0.2886473429951691 0.512 0.03140096618357488 0.06933333333333333
0 0.06320450885668277 0.52 0.03462157809983897 0.08
