0 0.2665056360708535 0.7306666666666667 0.20611916264090177 0.464
0 0.3804347826086957 0.6013333333333334 0.07809983896940419 0.20533333333333334
0 0.41505636070853463 0.5173333333333333 0.05877616747181964 0.19733333333333333
0 0.16908212560386474 0.716 0.1706924315619968 0.36
0 0.6545893719806763 0.5786666666666667 0.1932367149758454 0.24533333333333332
0 0.6115136876006442 0.5573333333333333 0.14090177133655393 0.16
0 0.5543478260869565 0.528 0.0893719806763285 0.12266666666666666
0 0.4424315619967794 0.5106666666666667 0.036231884057971016 0.10933333333333334
0 0.5140901771336553 0.508 0.023349436392914653 0.072
0 0.10587761674718196 0.6093333333333333 0.21175523349436393 0.776
