0 0.03341384863123994 0.76 0.06682769726247988 0.45866666666666667
0 0.12359098228663445 0.6826666666666666 0.2471819645732689 0.3466666666666667
0 0.19484702093397746 0.636 0.23027375201288244 0.2906666666666667
0 0.23711755233494364 0.6 0.16183574879227053 0.25066666666666665
0 0.2673107890499195 0.5853333333333334 0.1819645732689211 0.216
0 0.2781803542673108 0.5626666666666666 0.1215780998389694 0.176
0 0.3168276972624799 0.5573333333333333 0.11674718196457327 0.14933333333333335
0 0.32407407407407407 0.5453333333333333 0.11996779388083736 0.136
0 0.35466988727858295 0.5266666666666666 0.08776167471819646 0.12
0 0.3639291465378422 0.5146666666666667 0.09017713365539452 0.13866666666666666
1 0.4577294685990338 0.5066666666666667 0.008856682769726247 0.06933333333333333
0 0.6195652173913043 0.616 0.09581320450885668 0.23466666666666666
0 0.6940418679549114 0.556 0.14009661835748793 0.184
0 0.5974235104669887 0.5213333333333333 0.07085346215780998 0.104
0 0.5241545893719807 0.5106666666666667 0.024154589371980676 0.06133333333333333
