2 0.5363562091503268 0.46756756756756757 0.015522875816993464 0.16216216216216217
2 0.24387254901960784 0.5364864864864864 0.03022875816993464 0.327027027027027
2 0.5183823529411765 0.6310810810810811 0.03676470588235294 0.34864864864864864
2 0.5608660130718954 0.5945945945945946 0.041666666666666664 0.3675675675675676
2 0.551062091503268 0.5 0.025326797385620915 0.22162162162162163
2 0.4599673202614379 0.5094594594594595 0.026143790849673203 0.26216216216216215
2 0.4477124183006536 0.4905405405405405 0.024509803921568627 0.23513513513513515
2 0.4223856209150327 0.5 0.024509803921568627 0.2594594594594595
2 0.4084967320261438 0.5 0.024509803921568627 0.2594594594594595
2 0.49142156862745096 0.4486486486486487 0.013888888888888888 0.14054054054054055
2 0.3770424836601307 0.47702702702702704 0.02042483660130719 0.16486486486486487
2 0.31495098039215685 0.4689189189189189 0.01715686274509804 0.17027027027027028
2 0.3451797385620915 0.46756756756756757 0.015522875816993464 0.16756756756756758
0 0.1090686274509804 0.49864864864864866 0.2181372549019608 0.9972972972972973
