0 0.5040257648953301 0.5653333333333334 0.05314009661835749 0.16533333333333333
0 0.8655394524959742 0.7173333333333334 0.23993558776167473 0.56
0 0.6368760064412239 0.5653333333333334 0.10144927536231885 0.18133333333333335
0 0.5913848631239935 0.54 0.08293075684380032 0.12
0 0.2286634460547504 0.624 0.13526570048309178 0.25066666666666665
0 0.3808373590982287 0.536 0.05152979066022544 0.10666666666666667
0 0.13808373590982287 0.6106666666666667 0.14895330112721417 0.192
0 0.23349436392914655 0.56 0.08051529790660225 0.16
0 0.44565217391304346 0.512 0.03140096618357488 0.058666666666666666
0 0.3244766505636071 0.5333333333333333 0.05475040257648953 0.096
0 0.392512077294686 0.5186666666666667 0.0426731078904992 0.06133333333333333
0 0.016908212560386472 0.5946666666666667 0.033816425120772944 0.17066666666666666
0 0.04106280193236715 0.5493333333333333 0.0821256038647343 0.11733333333333333
0 0.5229468599033816 0.49866666666666665 0.020128824476650563 0.048
0 0.2463768115942029 0.532 0.06602254428341385 0.09333333333333334
