0 0.45491143317230276 0.5493333333333333 0.07085346215780998 0.256
0 0.9142512077294686 0.476 0.16988727858293076 0.472
0 0.21256038647342995 0.5986666666666667 0.12560386473429952 0.2
0 0.107085346215781 0.5746666666666667 0.15942028985507245 0.264
0 0.37681159420289856 0.5253333333333333 0.05475040257648953 0.128
0 0.6698872785829307 0.5493333333333333 0.10628019323671498 0.18133333333333335
0 0.5040257648953301 0.48533333333333334 0.0322061191626409 0.10133333333333333
0 0.5426731078904992 0.45466666666666666 0.037037037037037035 0.12533333333333332
0 0.7379227053140096 0.5333333333333333 0.11352657004830918 0.192
0 0.8297101449275363 0.5413333333333333 0.14251207729468598 0.16533333333333333
0 0.49798711755233493 0.43733333333333335 0.036231884057971016 0.176
0 0.011272141706924315 0.596 0.02254428341384863 0.15733333333333333
