0 0.7632850241545893 0.7066666666666667 0.23349436392914655 0.4266666666666667
0 0.4307568438003221 0.5093333333333333 0.06924315619967794 0.08533333333333333
2 0.37318840579710144 0.5226666666666666 0.012077294685990338 0.13866666666666666
1 0.748792270531401 0.5386666666666666 0.07085346215780998 0.176
0 0.6131239935587761 0.484 0.06360708534621579 0.07733333333333334
0 0.7697262479871175 0.47333333333333333 0.07729468599033816 0.072
0 0.9633655394524959 0.4613333333333333 0.071658615136876 0.096
0 0.3788244766505636 0.5093333333333333 0.05394524959742351 0.07466666666666667
0 0.20974235104669886 0.5226666666666666 0.0571658615136876 0.07466666666666667
0 0.4754428341384863 0.4826666666666667 0.018518518518518517 0.042666666666666665
0 0.44524959742351045 0.48933333333333334 0.02254428341384863 0.04533333333333334
