0 0.5515297906602254 0.5613333333333334 0.07729468599033816 0.28
0 0.30112721417069244 0.6066666666666667 0.12399355877616747 0.20533333333333334
0 0.2028985507246377 0.5786666666666667 0.1497584541062802 0.2613333333333333
0 0.46497584541062803 0.528 0.05555555555555555 0.13333333333333333
0 0.8007246376811594 0.572 0.1360708534621578 0.21066666666666667
0 0.5982286634460547 0.48933333333333334 0.03542673107890499 0.104
0 0.6396940418679549 0.456 0.0426731078904992 0.13333333333333333
0 0.8848631239935588 0.5453333333333333 0.15458937198067632 0.22666666666666666
0 0.9533011272141707 0.5653333333333334 0.09178743961352658 0.192
0 0.5913848631239935 0.432 0.04106280193236715 0.18666666666666668
0 0.06521739130434782 0.6106666666666667 0.13043478260869565 0.19733333333333333
