0 0.8051529790660226 0.592 0.2528180354267311 0.304
0 0.10064412238325282 0.6 0.20128824476650564 0.56
0 0.12318840579710146 0.6266666666666667 0.22061191626409019 0.272
0 0.5692431561996779 0.496 0.07407407407407407 0.23466666666666666
0 0.27657004830917875 0.5586666666666666 0.1570048309178744 0.168
0 0.33454106280193235 0.5266666666666666 0.11996779388083736 0.16266666666666665
0 0.5318035426731079 0.4746666666666667 0.03784219001610306 0.13866666666666666
0 0.3808373590982287 0.5053333333333333 0.05475040257648953 0.08266666666666667
0 0.39814814814814814 0.5053333333333333 0.061996779388083734 0.08266666666666667
0 0.42391304347826086 0.47333333333333333 0.0571658615136876 0.09333333333333334
