0 0.1537842190016103 0.7573333333333333 0.3075684380032206 0.48
0 0.8353462157809984 0.7426666666666667 0.3276972624798712 0.5093333333333333
0 0.2962962962962963 0.5933333333333334 0.15942028985507245 0.4186666666666667
0 0.6739130434782609 0.6466666666666666 0.16747181964573268 0.328
0 0.6171497584541062 0.5613333333333334 0.06521739130434782 0.17866666666666667
0 0.15861513687600645 0.49866666666666665 0.23027375201288244 0.272
0 0.6328502415458938 0.516 0.07085346215780998 0.168
0 0.5044283413848631 0.48133333333333334 0.02818035426731079 0.09866666666666667
0 0.6968599033816425 0.45866666666666667 0.11835748792270531 0.14933333333333335
0 0.40700483091787437 0.5026666666666667 0.03140096618357488 0.072
0 0.3663446054750403 0.492 0.03864734299516908 0.09866666666666667
