0 0.28019323671497587 0.636 0.13365539452495975 0.25866666666666666
0 0.9235104669887279 0.7466666666666667 0.15136876006441224 0.5013333333333333
0 0.784621578099839 0.7133333333333334 0.2391304347826087 0.44533333333333336
0 0.3494363929146538 0.576 0.08373590982286634 0.16533333333333333
0 0.6594202898550725 0.6026666666666667 0.10950080515297907 0.24
0 0.3824476650563607 0.5533333333333333 0.0644122383252818 0.12533333333333332
0 0.6115136876006442 0.5613333333333334 0.07648953301127215 0.17333333333333334
0 0.4359903381642512 0.5133333333333333 0.029790660225442835 0.072
0 0.5881642512077294 0.54 0.05233494363929147 0.13066666666666665
0 0.5772946859903382 0.524 0.040257648953301126 0.104
