2 0.5525040387722132 0.589572192513369 0.030694668820678513 0.2807486631016043
2 0.3683360258481422 0.5614973262032086 0.024232633279483037 0.20855614973262032
2 0.3384491114701131 0.5628342245989305 0.01938610662358643 0.19518716577540107
2 0.05411954765751212 0.8743315508021391 0.10823909531502424 0.24598930481283424
2 0.6433764135702746 0.5387700534759359 0.021809369951534735 0.18983957219251338
2 0.6114701130856219 0.5320855614973262 0.0210016155088853 0.18716577540106952
2 0.5218093699515347 0.5374331550802139 0.0210016155088853 0.17647058823529413
2 0.5827948303715671 0.5935828877005348 0.025040387722132473 0.26737967914438504
2 0.6070274636510501 0.5441176470588235 0.02665589660743134 0.21657754010695188
2 0.6276252019386107 0.5240641711229946 0.030694668820678513 0.18181818181818182
0 0.45840064620355414 0.516042780748663 0.033117932148626815 0.0855614973262032
2 0.08441033925686592 0.6350267379679144 0.05250403877221325 0.3181818181818182
2 0.1377221324717286 0.7807486631016043 0.10258481421647819 0.40106951871657753
