0 0.0861513687600644 0.7853333333333333 0.1723027375201288 0.424
0 0.2041062801932367 0.6733333333333333 0.16505636070853463 0.28
0 0.28743961352657005 0.612 0.09178743961352658 0.18933333333333333
0 0.33776167471819646 0.576 0.06682769726247988 0.13333333333333333
0 0.7669082125603864 0.4826666666666667 0.14412238325281804 0.176
0 0.7310789049919485 0.4666666666666667 0.09339774557165861 0.16
0 0.7012882447665056 0.4786666666666667 0.09822866344605476 0.14133333333333334
0 0.9883252818035426 0.4013333333333333 0.021739130434782608 0.12533333333333332
0 0.9681964573268921 0.4013333333333333 0.061996779388083734 0.12
0 0.6646537842190016 0.48 0.09098228663446055 0.11733333333333333
0 0.3788244766505636 0.5453333333333333 0.04750402576489533 0.09866666666666667
0 0.5648148148148148 0.5253333333333333 0.04911433172302738 0.12266666666666666
0 0.5511272141706924 0.5173333333333333 0.03784219001610306 0.10666666666666667
