0 0.3836553945249597 0.5066666666666667 0.0748792270531401 0.08533333333333333
0 0.5462962962962963 0.5133333333333333 0.039452495974235106 0.10933333333333334
0 0.4420289855072464 0.528 0.03864734299516908 0.10133333333333333
0 0.29347826086956524 0.552 0.1457326892109501 0.16533333333333333
0 0.26570048309178745 0.564 0.1610305958132045 0.18933333333333333
0 0.21940418679549115 0.6093333333333333 0.20209339774557167 0.248
0 0.1469404186795491 0.64 0.2938808373590982 0.3413333333333333
0 0.06642512077294686 0.6906666666666667 0.13285024154589373 0.4533333333333333
0 0.6332528180354268 0.6253333333333333 0.11513687600644122 0.23733333333333334
0 0.8438003220611916 0.78 0.3107890499194847 0.43466666666666665
