0 0.7612721417069244 0.7426666666666667 0.2359098228663446 0.4826666666666667
0 0.4037842190016103 0.588 0.07648953301127215 0.23733333333333334
2 0.6731078904991948 0.6933333333333334 0.05636070853462158 0.384
0 0.16344605475040258 0.7746666666666666 0.32689210950080516 0.44533333333333336
0 0.6002415458937198 0.592 0.06521739130434782 0.14933333333333335
0 0.6473429951690821 0.628 0.0966183574879227 0.22666666666666666
0 0.4609500805152979 0.536 0.026570048309178744 0.08
0 0.427536231884058 0.5773333333333334 0.05314009661835749 0.14133333333333334
0 0.5865539452495975 0.568 0.04589371980676329 0.12266666666666666
0 0.5696457326892109 0.5506666666666666 0.036231884057971016 0.09333333333333334
0 0.5591787439613527 0.5426666666666666 0.03140096618357488 0.08266666666666667
