0 0.2975040257648953 0.6213333333333333 0.11996779388083736 0.23466666666666666
0 0.8917069243156199 0.744 0.21497584541062803 0.5066666666666667
0 0.748792270531401 0.684 0.19806763285024154 0.38666666666666666
0 0.357890499194847 0.5706666666666667 0.07809983896940419 0.15466666666666667
0 0.6481481481481481 0.5906666666666667 0.0998389694041868 0.22133333333333333
0 0.3884863123993559 0.5506666666666666 0.06038647342995169 0.12
0 0.605877616747182 0.5573333333333333 0.071658615136876 0.16
0 0.4388083735909823 0.512 0.028985507246376812 0.06933333333333333
0 0.5853462157809984 0.54 0.0499194847020934 0.12533333333333332
0 0.5752818035426731 0.5226666666666666 0.03784219001610306 0.10133333333333333
