2 0.5404411764705882 0.4608108108108108 0.01715686274509804 0.16486486486486487
2 0.2434640522875817 0.5364864864864864 0.029411764705882353 0.327027027027027
2 0.47344771241830064 0.5567567567567567 0.025326797385620915 0.2594594594594595
2 0.5012254901960784 0.5472972972972973 0.03676470588235294 0.27837837837837837
2 0.6098856209150327 0.5202702702702703 0.03349673202614379 0.26216216216216215
2 0.4452614379084967 0.49864864864864866 0.02287581699346405 0.22972972972972974
2 0.4285130718954248 0.4864864864864865 0.018790849673202614 0.21081081081081082
2 0.39869281045751637 0.4851351351351351 0.0196078431372549 0.22432432432432434
2 0.37173202614379086 0.4905405405405405 0.02287581699346405 0.22972972972972974
2 0.4652777777777778 0.45135135135135135 0.013888888888888888 0.14594594594594595
2 0.5122549019607843 0.45675675675675675 0.0196078431372549 0.14594594594594595
2 0.3333333333333333 0.4635135135135135 0.017973856209150325 0.16486486486486487
0 0.1090686274509804 0.49864864864864866 0.2181372549019608 0.9972972972972973
