0 0.4963768115942029 0.5186666666666667 0.03462157809983897 0.10933333333333334
0 0.8530595813204509 0.7386666666666667 0.25523349436392917 0.5173333333333333
0 0.7242351046698873 0.632 0.1859903381642512 0.37866666666666665
0 0.6735104669887279 0.5826666666666667 0.15539452495974235 0.24266666666666667
0 0.6364734299516909 0.5466666666666666 0.12640901771336555 0.20266666666666666
0 0.6179549114331723 0.54 0.09420289855072464 0.152
0 0.6014492753623188 0.524 0.09178743961352658 0.12
0 0.4355877616747182 0.49066666666666664 0.01610305958132045 0.037333333333333336
0 0.4001610305958132 0.516 0.028985507246376812 0.06666666666666667
0 0.5676328502415459 0.5013333333333333 0.06602254428341385 0.08533333333333333
0 0.5487117552334944 0.496 0.05394524959742351 0.06933333333333333
0 0.5362318840579711 0.48133333333333334 0.043478260869565216 0.06666666666666667
0 0.3884863123993559 0.49333333333333335 0.023349436392914653 0.05333333333333334
0 0.3667471819645733 0.48933333333333334 0.015297906602254429 0.04
