0 0.8385668276972624 0.7693333333333333 0.321256038647343 0.456
0 0.13123993558776167 0.792 0.26247987117552335 0.4106666666666667
0 0.25644122383252815 0.7066666666666667 0.16344605475040258 0.3626666666666667
0 0.3389694041867955 0.628 0.10305958132045089 0.22133333333333333
0 0.6936392914653784 0.6853333333333333 0.19404186795491143 0.384
0 0.6139291465378421 0.5933333333333334 0.08776167471819646 0.216
0 0.8252818035426731 0.504 0.13043478260869565 0.18666666666666668
0 0.533011272141707 0.5253333333333333 0.037037037037037035 0.08533333333333333
0 0.49033816425120774 0.5146666666666667 0.028985507246376812 0.05333333333333334
0 0.46215780998389694 0.5066666666666667 0.0322061191626409 0.048
1 0.4074074074074074 0.5093333333333333 0.014492753623188406 0.058666666666666666
