0 0.49798711755233493 0.5253333333333333 0.04106280193236715 0.112
0 0.06682769726247988 0.7533333333333333 0.13365539452495975 0.488
0 0.16143317230273752 0.66 0.19404186795491143 0.36533333333333334
0 0.2890499194847021 0.5666666666666667 0.1143317230273752 0.168
0 0.41505636070853463 0.5786666666666667 0.07004830917874397 0.16533333333333333
0 0.4359903381642512 0.5453333333333333 0.05555555555555555 0.136
0 0.3675523349436393 0.524 0.08454106280193237 0.11466666666666667
0 0.7093397745571659 0.72 0.1996779388083736 0.416
0 0.6143317230273752 0.44266666666666665 0.13043478260869565 0.44266666666666665
2 0.7085346215780999 0.5706666666666667 0.020933977455716585 0.272
0 0.5434782608695652 0.5146666666666667 0.03542673107890499 0.09066666666666667
0 0.5213365539452496 0.452 0.033011272141706925 0.14133333333333334
0 0.4859098228663446 0.5066666666666667 0.02818035426731079 0.08533333333333333
0 0.13285024154589373 0.5453333333333333 0.09178743961352658 0.12533333333333332
