2 0.6643780290791599 0.679144385026738 0.05896607431340872 0.5080213903743316
2 0.7366720516962844 0.6697860962566845 0.07592891760904685 0.5213903743315508
2 0.13126009693053312 0.6858288770053476 0.05573505654281099 0.4893048128342246
2 0.3804523424878837 0.5815508021390374 0.029079159935379646 0.2807486631016043
2 0.5739095315024233 0.5374331550802139 0.02665589660743134 0.20855614973262032
2 0.744345718901454 0.5721925133689839 0.0654281098546042 0.32085561497326204
2 0.9406300484652665 0.5601604278074866 0.05411954765751212 0.3877005347593583
2 0.8255250403877221 0.5441176470588235 0.033925686591276254 0.30213903743315507
2 0.3852988691437803 0.5481283422459893 0.0210016155088853 0.17647058823529413
2 0.3667205169628433 0.5454545454545454 0.014539579967689823 0.18181818181818182
0 0.45395799676898224 0.48262032085561496 0.022617124394184167 0.07754010695187166
0 0.38731825525040386 0.5106951871657754 0.062197092084006464 0.17647058823529413
0 0.4087237479806139 0.5040106951871658 0.04038772213247173 0.13636363636363635
