0 0.4963768115942029 0.5186666666666667 0.03462157809983897 0.10933333333333334
0 0.9730273752012882 0.716 0.05233494363929147 0.5626666666666666
0 0.8071658615136876 0.7173333333333334 0.23429951690821257 0.48533333333333334
0 0.7020933977455717 0.612 0.1723027375201288 0.3333333333333333
0 0.6614331723027376 0.5706666666666667 0.1457326892109501 0.224
0 0.6288244766505636 0.5426666666666666 0.12077294685990338 0.18933333333333333
0 0.5974235104669887 0.5213333333333333 0.08856682769726248 0.11466666666666667
0 0.43760064412238325 0.492 0.015297906602254429 0.034666666666666665
0 0.40499194847020936 0.5146666666666667 0.027375201288244767 0.064
0 0.5656199677938808 0.5 0.06360708534621579 0.08266666666666667
0 0.5475040257648953 0.496 0.05152979066022544 0.064
0 0.535829307568438 0.48133333333333334 0.0426731078904992 0.06666666666666667
0 0.39090177133655396 0.49333333333333335 0.023349436392914653 0.05333333333333334
0 0.36835748792270534 0.492 0.015297906602254429 0.04
