0 0.8788244766505636 0.7826666666666666 0.24074074074074073 0.42933333333333334
0 0.06561996779388084 0.6773333333333333 0.13123993558776167 0.6026666666666667
0 0.11594202898550725 0.6693333333333333 0.2318840579710145 0.37866666666666665
0 0.15579710144927536 0.6053333333333333 0.2632850241545894 0.31466666666666665
0 0.29307568438003223 0.5453333333333333 0.14009661835748793 0.168
0 0.33776167471819646 0.52 0.10386473429951691 0.16
0 0.573268921095008 0.56 0.061191626409017714 0.14933333333333335
0 0.715378421900161 0.7226666666666667 0.21014492753623187 0.4533333333333333
0 0.5422705314009661 0.5186666666666667 0.03784219001610306 0.10933333333333334
0 0.37318840579710144 0.52 0.08454106280193237 0.10133333333333333
