0 0.4814665592264303 0.5226063829787234 0.0346494762288477 0.10372340425531915
0 0.0991136180499597 0.7353723404255319 0.1982272360999194 0.523936170212766
0 0.0789685737308622 0.6542553191489362 0.1579371474617244 0.2925531914893617
0 0.22320709105560033 0.5691489361702128 0.11442385173247381 0.20212765957446807
0 0.35052377115229655 0.5917553191489362 0.09508460918614021 0.2047872340425532
0 0.3058017727639001 0.5465425531914894 0.0684931506849315 0.125
0 0.41740531829170024 0.538563829787234 0.045124899274778404 0.10372340425531915
0 0.3827558420628525 0.5132978723404256 0.032232070910556 0.06914893617021277
0 0.4411764705882353 0.4787234042553192 0.023368251410153102 0.09042553191489362
0 0.023771152296535054 0.6063829787234043 0.04754230459307011 0.21808510638297873
0 0.11925866236905722 0.5718085106382979 0.11925866236905722 0.16489361702127658
