0 0.5060386473429952 0.56 0.05394524959742351 0.17066666666666666
0 0.823268921095008 0.7 0.2069243156199678 0.47733333333333333
0 0.6626409017713365 0.5786666666666667 0.13526570048309178 0.21333333333333335
0 0.05636070853462158 0.7213333333333334 0.11272141706924316 0.45066666666666666
0 0.07045088566827697 0.6173333333333333 0.14090177133655393 0.2906666666666667
0 0.3397745571658615 0.56 0.0821256038647343 0.13866666666666666
0 0.45933977455716585 0.49866666666666665 0.029790660225442835 0.07466666666666667
0 0.2536231884057971 0.5546666666666666 0.09017713365539452 0.13866666666666666
0 0.3687600644122383 0.5253333333333333 0.05314009661835749 0.08
0 0.5547504025764896 0.4866666666666667 0.01932367149758454 0.04533333333333334
0 0.14130434782608695 0.5613333333333334 0.11513687600644122 0.136
