0 0.1537842190016103 0.768 0.3075684380032206 0.45866666666666667
0 0.8800322061191627 0.712 0.23832528180354268 0.5706666666666667
0 0.35185185185185186 0.5946666666666667 0.09339774557165861 0.2613333333333333
0 0.38687600644122383 0.56 0.08454106280193237 0.17066666666666666
0 0.6566022544283414 0.452 0.05555555555555555 0.06133333333333333
0 0.8099838969404187 0.716 0.1610305958132045 0.472
0 0.8063607085346216 0.6 0.12962962962962962 0.2986666666666667
0 0.6751207729468599 0.5 0.12640901771336555 0.15733333333333333
0 0.9859098228663447 0.5306666666666666 0.026570048309178744 0.18666666666666668
0 0.8917069243156199 0.488 0.09903381642512077 0.112
