0 0.9955716586151369 0.724 0.007246376811594203 0.5466666666666666
0 0.3611111111111111 0.6666666666666666 0.18438003220611915 0.368
0 0.8373590982286635 0.7586666666666667 0.32367149758454106 0.47733333333333333
0 0.7270531400966184 0.676 0.17713365539452497 0.4026666666666667
0 0.9589371980676329 0.492 0.08051529790660225 0.216
0 0.9118357487922706 0.492 0.16344605475040258 0.25333333333333335
0 0.8083735909822867 0.5106666666666667 0.14170692431561996 0.22666666666666666
0 0.4214975845410628 0.5693333333333334 0.071658615136876 0.168
0 0.4496779388083736 0.5386666666666666 0.061996779388083734 0.128
0 0.7242351046698873 0.49866666666666665 0.07004830917874397 0.10666666666666667
0 0.6010466988727858 0.5213333333333333 0.039452495974235106 0.10933333333333334
0 0.4855072463768116 0.512 0.037037037037037035 0.09066666666666667
0 0.5636070853462157 0.4533333333333333 0.037037037037037035 0.12266666666666666
