0 0.960950080515298 0.7466666666666667 0.07648953301127215 0.44266666666666665
0 0.5853462157809984 0.5866666666666667 0.07729468599033816 0.17066666666666666
0 0.05958132045088567 0.7586666666666667 0.11916264090177134 0.47733333333333333
0 0.09943639291465378 0.6866666666666666 0.19887278582930756 0.3546666666666667
0 0.22181964573268922 0.616 0.1972624798711755 0.21866666666666668
0 0.27898550724637683 0.592 0.1360708534621578 0.16
0 0.5414653784219001 0.548 0.04750402576489533 0.10933333333333334
0 0.3780193236714976 0.544 0.08293075684380032 0.096
0 0.37962962962962965 0.516 0.05555555555555555 0.09333333333333334
0 0.5152979066022544 0.504 0.01932367149758454 0.058666666666666666
