2 0.6078352180936996 0.6243315508021391 0.04281098546042003 0.35561497326203206
2 0.3432956381260097 0.5868983957219251 0.030694668820678513 0.2807486631016043
2 0.2859450726978998 0.5855614973262032 0.025848142164781908 0.26737967914438504
2 0.7269789983844911 0.5748663101604278 0.030694668820678513 0.27807486631016043
2 0.6946688206785138 0.5681818181818182 0.035541195476575124 0.27540106951871657
2 0.5379644588045234 0.5427807486631016 0.024232633279483037 0.1925133689839572
2 0.6066235864297254 0.6229946524064172 0.030694668820678513 0.3155080213903743
2 0.592891760904685 0.5989304812834224 0.04038772213247173 0.27807486631016043
2 0.5751211631663974 0.5882352941176471 0.022617124394184167 0.24598930481283424
2 0.6417609046849758 0.5574866310160428 0.02665589660743134 0.24331550802139038
2 0.6462035541195477 0.5334224598930482 0.024232633279483037 0.20053475935828877
0 0.4648626817447496 0.5133689839572193 0.03796445880452343 0.0962566844919786
