0 0.36231884057971014 0.5133333333333333 0.030595813204508857 0.10933333333333334
1 0.46256038647342995 0.5973333333333334 0.04911433172302738 0.26666666666666666
0 0.6340579710144928 0.6413333333333333 0.11996779388083736 0.312
0 0.538244766505636 0.6026666666666667 0.10547504025764895 0.21333333333333335
0 0.21739130434782608 0.6093333333333333 0.0966183574879227 0.20533333333333334
0 0.250402576489533 0.584 0.06602254428341385 0.176
0 0.46859903381642515 0.556 0.0644122383252818 0.152
0 0.44323671497584544 0.5453333333333333 0.05555555555555555 0.12
0 0.26529790660225444 0.564 0.04106280193236715 0.11466666666666667
0 0.42069243156199676 0.5386666666666666 0.036231884057971016 0.09066666666666667
