0 0.17351046698872785 0.49866666666666665 0.3470209339774557 0.9973333333333333
0 0.7415458937198067 0.6226666666666667 0.3188405797101449 0.4186666666666667
0 0.3780193236714976 0.564 0.12962962962962962 0.3546666666666667
2 0.8997584541062802 0.5173333333333333 0.026570048309178744 0.23466666666666666
2 0.8305152979066023 0.5346666666666666 0.021739130434782608 0.2693333333333333
2 0.6123188405797102 0.5093333333333333 0.013687600644122383 0.13866666666666666
0 0.5551529790660226 0.5293333333333333 0.04428341384863124 0.12533333333333332
0 0.539049919484702 0.5213333333333333 0.039452495974235106 0.11466666666666667
2 0.4867149758454106 0.476 0.007246376811594203 0.06133333333333333
2 0.4927536231884058 0.4786666666666667 0.004830917874396135 0.06133333333333333
0 0.4504830917874396 0.47733333333333333 0.015297906602254429 0.05333333333333334
