2 0.03676470588235294 0.5891891891891892 0.07352941176470588 0.3675675675675676
2 0.021241830065359478 0.572972972972973 0.042483660130718956 0.3621621621621622
1 0.6687091503267973 0.5567567567567567 0.041666666666666664 0.3027027027027027
2 0.5077614379084967 0.5594594594594594 0.02696078431372549 0.22162162162162163
1 0.38929738562091504 0.5067567567567568 0.025326797385620915 0.14324324324324325
2 0.6540032679738562 0.49864864864864866 0.018790849673202614 0.17027027027027028
2 0.551062091503268 0.4743243243243243 0.012254901960784314 0.10540540540540541
2 0.5236928104575164 0.4864864864864865 0.008169934640522876 0.10270270270270271
2 0.5375816993464052 0.4810810810810811 0.00980392156862745 0.10270270270270271
2 0.5821078431372549 0.46756756756756757 0.010620915032679739 0.10270270270270271
2 0.5931372549019608 0.4648648648648649 0.00980392156862745 0.10810810810810811
