0 0.16022544283413848 0.744 0.32045088566827695 0.5066666666666667
0 0.8683574879227053 0.7253333333333334 0.2616747181964573 0.544
0 0.30676328502415456 0.6853333333333333 0.19484702093397746 0.3893333333333333
0 0.5587761674718197 0.5413333333333333 0.057971014492753624 0.13866666666666666
0 0.7318840579710145 0.74 0.2673107890499195 0.5146666666666667
0 0.35507246376811596 0.596 0.10628019323671498 0.22666666666666666
2 0.2822061191626409 0.5866666666666667 0.026570048309178744 0.288
2 0.3055555555555556 0.5586666666666666 0.013687600644122383 0.22666666666666666
0 0.4464573268921095 0.512 0.029790660225442835 0.09066666666666667
0 0.533816425120773 0.5186666666666667 0.03542673107890499 0.09333333333333334
2 0.31239935587761675 0.568 0.017713365539452495 0.23466666666666666
0 0.5185185185185185 0.496 0.020933977455716585 0.06933333333333333
