1 0.7973856209150327 0.5094594594594595 0.0718954248366013 0.26216216216216215
2 0.7916666666666666 0.4783783783783784 0.017973856209150325 0.17297297297297298
2 0.33619281045751637 0.6932432432432433 0.07434640522875817 0.6081081081081081
2 0.24101307189542484 0.6716216216216216 0.08169934640522876 0.6081081081081081
2 0.30637254901960786 0.6648648648648648 0.08169934640522876 0.6648648648648648
2 0.6556372549019608 0.5243243243243243 0.03022875816993464 0.22702702702702704
1 0.8598856209150327 0.49594594594594593 0.07598039215686274 0.20810810810810812
2 0.880718954248366 0.5148648648648648 0.027777777777777776 0.27837837837837837
2 0.9113562091503268 0.5094594594594595 0.03349673202614379 0.327027027027027
2 0.8929738562091504 0.5297297297297298 0.026143790849673203 0.2648648648648649
0 0.49387254901960786 0.4554054054054054 0.015522875816993464 0.05675675675675676
