0 0.4750201450443191 0.5452127659574468 0.04754230459307011 0.14361702127659576
0 0.11522965350523771 0.773936170212766 0.23045930701047543 0.44680851063829785
0 0.09750201450443191 0.6542553191489362 0.19500402900886382 0.324468085106383
0 0.3045930701047542 0.651595744680851 0.1579371474617244 0.35638297872340424
0 0.28807413376309426 0.5492021276595744 0.07655116841257051 0.15159574468085107
0 0.40975020145044316 0.5452127659574468 0.055600322320709106 0.14361702127659576
0 0.2506043513295729 0.538563829787234 0.05962933118452861 0.09840425531914894
0 0.4246575342465753 0.523936170212766 0.032232070910556 0.0797872340425532
0 0.4383561643835616 0.5093085106382979 0.022562449637389202 0.05585106382978723
0 0.13255439161966157 0.574468085106383 0.10394842868654311 0.15425531914893617
