0 0.5893719806763285 0.5733333333333334 0.09178743961352658 0.23466666666666666
0 0.1570048309178744 0.624 0.22544283413848631 0.2773333333333333
0 0.21497584541062803 0.6013333333333334 0.2222222222222222 0.232
0 0.25885668276972623 0.588 0.16022544283413848 0.18933333333333333
0 0.3289049919484702 0.5333333333333333 0.1247987117552335 0.17066666666666666
0 0.3115942028985507 0.552 0.10466988727858294 0.16
0 0.5636070853462157 0.5506666666666666 0.05958132045088567 0.136
0 0.3361513687600644 0.524 0.0893719806763285 0.14666666666666667
0 0.35829307568438 0.5213333333333333 0.09017713365539452 0.11466666666666667
0 0.5261674718196457 0.5146666666666667 0.02818035426731079 0.07466666666666667
0 0.5475040257648953 0.5373333333333333 0.043478260869565216 0.11466666666666667
