0 0.5906526994359388 0.5784574468085106 0.07413376309427881 0.17287234042553193
0 0.12530217566478646 0.7473404255319149 0.2506043513295729 0.5
0 0.5225624496373892 0.5079787234042553 0.0265914585012087 0.06914893617021277
0 0.3029814665592264 0.6343085106382979 0.14020950846091862 0.2845744680851064
0 0.18573730862207896 0.5917553191489362 0.1297340854149879 0.19946808510638298
0 0.3835616438356164 0.5412234042553191 0.0547945205479452 0.13031914893617022
0 0.29331184528605964 0.5452127659574468 0.064464141821112 0.11702127659574468
0 0.33924254633360196 0.5106382978723404 0.040290088638195005 0.10638297872340426
0 0.41821112006446415 0.5199468085106383 0.032232070910556 0.07712765957446809
0 0.3726833199033038 0.5 0.0378726833199033 0.0851063829787234
0 0.43432715551974216 0.5079787234042553 0.0257856567284448 0.05851063829787234
0 0.4846897663174859 0.5093085106382979 0.023368251410153102 0.07180851063829788
