0 0.9182769726247987 0.7453333333333333 0.16183574879227053 0.504
0 0.3055555555555556 0.708 0.19243156199677938 0.36
2 0.6807568438003221 0.5266666666666666 0.020128824476650563 0.17333333333333334
0 0.6851851851851852 0.596 0.09339774557165861 0.216
0 0.6517713365539453 0.5626666666666666 0.06843800322061191 0.14933333333333335
0 0.4464573268921095 0.5653333333333334 0.06360708534621579 0.14933333333333335
0 0.4722222222222222 0.5466666666666666 0.04428341384863124 0.112
0 0.6316425120772947 0.544 0.04750402576489533 0.11733333333333333
0 0.5217391304347826 0.5226666666666666 0.03542673107890499 0.08
0 0.5865539452495975 0.508 0.03784219001610306 0.06133333333333333
