0 0.10466988727858294 0.772 0.20933977455716588 0.45066666666666666
0 0.9323671497584541 0.5386666666666666 0.13365539452495975 0.2986666666666667
0 0.8607085346215781 0.532 0.13526570048309178 0.22666666666666666
0 0.8055555555555556 0.512 0.12640901771336555 0.19733333333333333
0 0.7652979066022544 0.5146666666666667 0.11835748792270531 0.15466666666666667
0 0.7298711755233495 0.48933333333333334 0.09259259259259259 0.13066666666666665
0 0.6876006441223832 0.648 0.16586151368760063 0.384
0 0.6199677938808373 0.5746666666666667 0.0821256038647343 0.18933333333333333
0 0.3534621578099839 0.5933333333333334 0.11272141706924316 0.24266666666666667
0 0.3993558776167472 0.528 0.0821256038647343 0.21333333333333335
0 0.6586151368760065 0.48133333333333334 0.08373590982286634 0.12
0 0.427938808373591 0.544 0.04911433172302738 0.13333333333333333
0 0.44082125603864736 0.5226666666666666 0.0426731078904992 0.10666666666666667
0 0.5217391304347826 0.49066666666666664 0.05314009661835749 0.064
0 0.5273752012882448 0.44266666666666665 0.05152979066022544 0.18133333333333335
