0 0.08011272141706924 0.704 0.16022544283413848 0.37866666666666665
0 0.17270531400966183 0.644 0.23268921095008052 0.28
0 0.24194847020933977 0.6106666666666667 0.19082125603864733 0.24533333333333332
0 0.27053140096618356 0.584 0.13848631239935588 0.21866666666666668
0 0.2918679549114332 0.568 0.16022544283413848 0.192
0 0.2975040257648953 0.5533333333333333 0.10869565217391304 0.15733333333333333
0 0.3321256038647343 0.5453333333333333 0.10547504025764895 0.136
0 0.33776167471819646 0.5426666666666666 0.11030595813204509 0.12533333333333332
0 0.36513687600644124 0.5266666666666666 0.08132045088566828 0.11466666666666667
0 0.3723832528180354 0.508 0.08454106280193237 0.13066666666666665
1 0.4605475040257649 0.5013333333333333 0.008051529790660225 0.064
0 0.6026570048309179 0.5933333333333334 0.07971014492753623 0.2
0 0.6747181964573269 0.5466666666666666 0.12560386473429952 0.16533333333333333
0 0.5921900161030595 0.5106666666666667 0.06682769726247988 0.09866666666666667
0 0.5237520128824477 0.512 0.023349436392914653 0.058666666666666666
