0 0.5140901771336553 0.5746666666666667 0.06038647342995169 0.16266666666666665
2 0.8699677938808373 0.5733333333333334 0.04428341384863124 0.272
0 0.9456521739130435 0.5373333333333333 0.107085346215781 0.13066666666666665
0 0.30636070853462155 0.5426666666666666 0.04750402576489533 0.09333333333333334
1 0.6400966183574879 0.5333333333333333 0.04830917874396135 0.12266666666666666
0 0.5471014492753623 0.516 0.036231884057971016 0.12533333333333332
2 0.42592592592592593 0.5346666666666666 0.00966183574879227 0.12533333333333332
0 0.3715780998389694 0.516 0.0249597423510467 0.06133333333333333
0 0.41545893719806765 0.528 0.057971014492753624 0.08533333333333333
0 0.48711755233494364 0.548 0.03542673107890499 0.10933333333333334
