0 0.49315619967793883 0.54 0.04589371980676329 0.12533333333333332
0 0.08132045088566828 0.7413333333333333 0.16264090177133655 0.512
0 0.26610305958132047 0.608 0.14251207729468598 0.26666666666666666
0 0.3176328502415459 0.5733333333333334 0.1280193236714976 0.20266666666666666
0 0.37359098228663445 0.5346666666666666 0.09500805152979067 0.12533333333333332
0 0.40136876006441224 0.5066666666666667 0.06521739130434782 0.08533333333333333
0 0.41867954911433175 0.48133333333333334 0.07085346215780998 0.12533333333333332
0 0.8691626409017713 0.768 0.26006441223832527 0.45866666666666667
0 0.7290660225442834 0.6306666666666667 0.18760064412238325 0.38133333333333336
2 0.5789049919484702 0.532 0.014492753623188406 0.136
0 0.7318840579710145 0.536 0.12238325281803543 0.15466666666666667
0 0.48993558776167473 0.5093333333333333 0.02818035426731079 0.08533333333333333
0 0.08132045088566828 0.6146666666666667 0.16264090177133655 0.27466666666666667
0 0.19041867954911434 0.5746666666666667 0.11513687600644122 0.18933333333333333
0 0.8768115942028986 0.5026666666666667 0.19001610305958133 0.22666666666666666
0 0.2359098228663446 0.496 0.06280193236714976 0.10133333333333333
0 0.3506441223832528 0.4653333333333333 0.04106280193236715 0.09866666666666667
