0 0.10507246376811594 0.7813333333333333 0.21014492753623187 0.432
0 0.19162640901771336 0.792 0.27375201288244766 0.4106666666666667
0 0.7266505636070854 0.7346666666666667 0.250402576489533 0.4826666666666667
0 0.7749597423510467 0.5293333333333333 0.18276972624798712 0.184
0 0.3808373590982287 0.5546666666666666 0.0644122383252818 0.14933333333333335
0 0.571256038647343 0.5493333333333333 0.05877616747181964 0.14933333333333335
0 0.39855072463768115 0.5146666666666667 0.05314009661835749 0.16533333333333333
0 0.5523349436392915 0.5346666666666666 0.05152979066022544 0.12
0 0.29307568438003223 0.4826666666666667 0.12721417069243157 0.15466666666666667
0 0.49074074074074076 0.4746666666666667 0.020128824476650563 0.06933333333333333
0 0.6276167471819646 0.45066666666666666 0.08132045088566828 0.10666666666666667
