0 0.9094202898550725 0.7746666666666666 0.17954911433172302 0.44533333333333336
0 0.09219001610305957 0.624 0.18438003220611915 0.25066666666666665
2 0.3244766505636071 0.5426666666666666 0.017713365539452495 0.18933333333333333
1 0.8639291465378421 0.572 0.11755233494363929 0.264
0 0.45893719806763283 0.5106666666666667 0.0821256038647343 0.10933333333333334
0 0.6606280193236715 0.492 0.08454106280193237 0.08266666666666667
0 0.8800322061191627 0.4706666666666667 0.08856682769726248 0.10933333333333334
0 0.5028180354267311 0.5013333333333333 0.050724637681159424 0.07466666666666667
0 0.2528180354267311 0.524 0.07729468599033816 0.09333333333333334
0 0.4669887278582931 0.49466666666666664 0.020933977455716585 0.04533333333333334
0 0.43438003220611915 0.49466666666666664 0.0249597423510467 0.050666666666666665
