0 0.12399355877616747 0.76 0.24798711755233493 0.4746666666666667
0 0.9122383252818036 0.44666666666666666 0.17391304347826086 0.27466666666666667
0 0.9782608695652174 0.42133333333333334 0.04186795491143317 0.14933333333333335
0 0.35909822866344604 0.5813333333333334 0.08373590982286634 0.17066666666666666
0 0.28421900161030594 0.6453333333333333 0.1529790660225443 0.2986666666666667
0 0.6143317230273752 0.52 0.06280193236714976 0.13333333333333333
0 0.39814814814814814 0.548 0.05555555555555555 0.13066666666666665
0 0.4255233494363929 0.5346666666666666 0.036231884057971016 0.09333333333333334
0 0.5322061191626409 0.5173333333333333 0.033816425120772944 0.09066666666666667
0 0.6235909822866345 0.5093333333333333 0.09420289855072464 0.10666666666666667
0 0.5680354267310789 0.5013333333333333 0.04106280193236715 0.07466666666666667
0 0.5116747181964574 0.4693333333333333 0.036231884057971016 0.037333333333333336
0 0.4214975845410628 0.476 0.03140096618357488 0.034666666666666665
