0 0.6851851851851852 0.5253333333333333 0.178743961352657 0.208
0 0.9041867954911433 0.43866666666666665 0.09822866344605476 0.09866666666666667
0 0.8772141706924316 0.444 0.09420289855072464 0.09333333333333334
0 0.8538647342995169 0.44533333333333336 0.09259259259259259 0.09066666666666667
0 0.3784219001610306 0.548 0.04830917874396135 0.12533333333333332
0 0.44323671497584544 0.5186666666666667 0.036231884057971016 0.09333333333333334
0 0.6586151368760065 0.476 0.0853462157809984 0.10933333333333334
0 0.7415458937198067 0.44266666666666665 0.043478260869565216 0.08
0 0.8236714975845411 0.43066666666666664 0.04830917874396135 0.09333333333333334
0 0.7705314009661836 0.448 0.04669887278582931 0.07466666666666667
0 0.3961352657004831 0.5373333333333333 0.04186795491143317 0.09866666666666667
0 0.534621578099839 0.496 0.030595813204508857 0.06933333333333333
0 0.4943639291465378 0.5013333333333333 0.020933977455716585 0.058666666666666666
