0 0.48389694041867953 0.49733333333333335 0.01932367149758454 0.06133333333333333
0 0.41183574879227053 0.548 0.05233494363929147 0.13066666666666665
0 0.7781803542673108 0.744 0.28421900161030594 0.5066666666666667
0 0.6409017713365539 0.6306666666666667 0.14009661835748793 0.3333333333333333
0 0.5938003220611916 0.5733333333333334 0.07809983896940419 0.23466666666666666
0 0.5523349436392915 0.536 0.0499194847020934 0.128
0 0.5249597423510467 0.5093333333333333 0.02576489533011272 0.07466666666666667
0 0.5398550724637681 0.524 0.03784219001610306 0.10933333333333334
0 0.32689210950080516 0.52 0.05636070853462158 0.06933333333333333
0 0.25523349436392917 0.5213333333333333 0.06280193236714976 0.072
0 0.5124798711755234 0.492 0.018518518518518517 0.050666666666666665
2 0.643317230273752 0.5306666666666666 0.02254428341384863 0.21866666666666668
