0 0.9887278582930756 0.6853333333333333 0.020933977455716585 0.624
0 0.9935587761674718 0.704 0.011272141706924315 0.5706666666666667
0 0.39331723027375204 0.5346666666666666 0.05877616747181964 0.21066666666666667
0 0.8115942028985508 0.4653333333333333 0.26247987117552335 0.33866666666666667
0 0.18075684380032206 0.58 0.107085346215781 0.17333333333333334
0 0.07528180354267311 0.568 0.14090177133655393 0.23466666666666666
0 0.31843800322061194 0.5186666666666667 0.04750402576489533 0.11466666666666667
0 0.572866344605475 0.524 0.07971014492753623 0.14666666666666667
0 0.43438003220611915 0.48533333333333334 0.029790660225442835 0.09066666666666667
0 0.47020933977455714 0.452 0.030595813204508857 0.11466666666666667
0 0.6256038647342995 0.5173333333333333 0.0821256038647343 0.15466666666666667
0 0.6908212560386473 0.52 0.0966183574879227 0.128
0 0.9625603864734299 0.436 0.07326892109500806 0.20533333333333334
0 0.4311594202898551 0.44133333333333336 0.033011272141706925 0.16266666666666665
