0 0.07528180354267311 0.772 0.15056360708534622 0.45066666666666666
0 0.3196457326892109 0.672 0.13365539452495975 0.30933333333333335
0 0.1723027375201288 0.6986666666666667 0.18840579710144928 0.336
1 0.7246376811594203 0.6706666666666666 0.13526570048309178 0.36533333333333334
1 0.8144122383252818 0.7213333333333334 0.16344605475040258 0.472
2 0.0213365539452496 0.652 0.03462157809983897 0.3546666666666667
0 0.4138486312399356 0.5533333333333333 0.04669887278582931 0.13066666666666665
0 0.44122383252818037 0.5266666666666666 0.02576489533011272 0.07733333333333334
0 0.4504830917874396 0.5 0.021739130434782608 0.08266666666666667
0 0.5563607085346216 0.536 0.0821256038647343 0.10666666666666667
0 0.5241545893719807 0.512 0.05475040257648953 0.07466666666666667
0 0.4605475040257649 0.49066666666666664 0.01610305958132045 0.05333333333333334
0 0.3832528180354267 0.5653333333333334 0.07890499194847021 0.22933333333333333
