0 0.0861513687600644 0.64 0.1723027375201288 0.544
1 0.358695652173913 0.5946666666666667 0.036231884057971016 0.224
0 0.8904991948470209 0.744 0.21739130434782608 0.5066666666666667
0 0.8305152979066023 0.6666666666666666 0.3083735909822866 0.33066666666666666
0 0.7713365539452496 0.596 0.22383252818035426 0.312
0 0.2689210950080515 0.568 0.15136876006441224 0.16
0 0.30636070853462155 0.5546666666666666 0.1215780998389694 0.13866666666666666
0 0.532608695652174 0.54 0.04911433172302738 0.12
0 0.37278582930756843 0.5133333333333333 0.0644122383252818 0.08266666666666667
0 0.5088566827697263 0.508 0.02576489533011272 0.072
0 0.4895330112721417 0.4706666666666667 0.014492753623188406 0.056
