2 0.5330882352941176 0.46756756756756757 0.013888888888888888 0.15675675675675677
2 0.24387254901960784 0.5364864864864864 0.028594771241830064 0.327027027027027
2 0.6070261437908496 0.7216216216216216 0.04738562091503268 0.4702702702702703
2 0.6584967320261438 0.6986486486486486 0.06045751633986928 0.5
2 0.5183823529411765 0.49864864864864866 0.02042483660130719 0.1972972972972973
2 0.4979575163398693 0.5216216216216216 0.03676470588235294 0.2918918918918919
2 0.4820261437908497 0.5094594594594595 0.026143790849673203 0.26216216216216215
2 0.4526143790849673 0.5175675675675676 0.029411764705882353 0.2891891891891892
2 0.4383169934640523 0.5202702702702703 0.03022875816993464 0.2945945945945946
2 0.41748366013071897 0.46756756756756757 0.017973856209150325 0.16756756756756758
2 0.3966503267973856 0.4702702702702703 0.013888888888888888 0.16756756756756758
2 0.3929738562091503 0.4783783783783784 0.021241830065359478 0.17297297297297298
2 0.3304738562091503 0.4689189189189189 0.01715686274509804 0.17567567567567569
2 0.3472222222222222 0.47162162162162163 0.013071895424836602 0.15405405405405406
2 0.3639705882352941 0.4689189189189189 0.01715686274509804 0.17567567567567569
0 0.1090686274509804 0.49864864864864866 0.2181372549019608 0.9972972972972973
