0 0.48389694041867953 0.5 0.01932367149758454 0.06133333333333333
0 0.3836553945249597 0.584 0.07648953301127215 0.18666666666666668
0 0.8582930756843801 0.7493333333333333 0.28180354267310787 0.496
0 0.7133655394524959 0.7213333333333334 0.2286634460547504 0.5093333333333333
0 0.6227858293075684 0.6093333333333333 0.10386473429951691 0.30666666666666664
0 0.5615942028985508 0.548 0.05877616747181964 0.14666666666666667
0 0.5273752012882448 0.5133333333333333 0.028985507246376812 0.08266666666666667
0 0.5466988727858293 0.5306666666666666 0.043478260869565216 0.12266666666666666
0 0.3148148148148148 0.528 0.061191626409017714 0.07466666666666667
0 0.23711755233494364 0.532 0.06843800322061191 0.07733333333333334
0 0.5144927536231884 0.49866666666666665 0.01932367149758454 0.05333333333333334
2 0.6702898550724637 0.5453333333333333 0.02818035426731079 0.264
