0 0.822061191626409 0.7546666666666667 0.35426731078904994 0.48533333333333334
0 0.604669887278583 0.576 0.09017713365539452 0.24533333333333332
0 0.21578099838969403 0.588 0.214170692431562 0.248
0 0.26610305958132047 0.5653333333333334 0.16022544283413848 0.208
0 0.27334943639291465 0.536 0.12640901771336555 0.21866666666666668
0 0.2971014492753623 0.548 0.10789049919484701 0.14133333333333334
0 0.3442028985507246 0.528 0.09742351046698873 0.12266666666666666
0 0.3635265700483092 0.5266666666666666 0.0893719806763285 0.12
0 0.36312399355877617 0.512 0.07246376811594203 0.11733333333333333
0 0.3711755233494364 0.5106666666666667 0.09017713365539452 0.10933333333333334
0 0.40096618357487923 0.48133333333333334 0.05958132045088567 0.09333333333333334
1 0.4665861513687601 0.48 0.005636070853462158 0.048
0 0.5466988727858293 0.524 0.03864734299516908 0.09866666666666667
0 0.5128824476650563 0.4866666666666667 0.017713365539452495 0.04533333333333334
