0 0.08333333333333333 0.6933333333333334 0.16666666666666666 0.5866666666666667
0 0.8510466988727858 0.768 0.2962962962962963 0.45866666666666667
0 0.6038647342995169 0.5946666666666667 0.0966183574879227 0.256
0 0.12077294685990338 0.6746666666666666 0.24154589371980675 0.3413333333333333
0 0.19847020933977455 0.632 0.19404186795491143 0.2613333333333333
0 0.22745571658615138 0.6 0.20048309178743962 0.22933333333333333
0 0.5696457326892109 0.5573333333333333 0.06360708534621579 0.144
0 0.5422705314009661 0.528 0.03784219001610306 0.112
0 0.3691626409017713 0.5093333333333333 0.06521739130434782 0.11733333333333333
0 0.3973429951690821 0.5226666666666666 0.0571658615136876 0.07466666666666667
0 0.5237520128824477 0.5093333333333333 0.023349436392914653 0.064
