0 0.4826892109500805 0.5466666666666666 0.04750402576489533 0.12266666666666666
0 0.21457326892109502 0.6586666666666666 0.17310789049919484 0.30933333333333335
0 0.32085346215780997 0.576 0.1247987117552335 0.192
0 0.3961352657004831 0.5146666666666667 0.07407407407407407 0.10133333333333333
0 0.9186795491143317 0.772 0.1610305958132045 0.45066666666666666
0 0.5962157809983897 0.568 0.07004830917874397 0.15466666666666667
0 0.5410628019323671 0.496 0.03864734299516908 0.12266666666666666
0 0.16626409017713364 0.584 0.1215780998389694 0.176
0 0.49315619967793883 0.5213333333333333 0.03140096618357488 0.09333333333333334
0 0.0889694041867955 0.5533333333333333 0.11513687600644122 0.13066666666666665
