0 0.5072463768115942 0.5653333333333334 0.05314009661835749 0.16533333333333333
0 0.7399355877616747 0.616 0.17552334943639292 0.33066666666666666
0 0.6151368760064412 0.548 0.0853462157809984 0.14666666666666667
0 0.5797101449275363 0.532 0.07246376811594203 0.104
0 0.05676328502415459 0.74 0.11352657004830918 0.424
0 0.3494363929146538 0.552 0.06280193236714976 0.13333333333333333
0 0.42069243156199676 0.5186666666666667 0.03462157809983897 0.07733333333333334
0 0.2105475040257649 0.5826666666666667 0.107085346215781 0.152
0 0.2721417069243156 0.548 0.06602254428341385 0.136
0 0.4665861513687601 0.5013333333333333 0.0249597423510467 0.048
0 0.3425925925925926 0.5253333333333333 0.04750402576489533 0.08533333333333333
0 0.40418679549114334 0.516 0.03864734299516908 0.056
0 0.05998389694041868 0.5773333333333334 0.11674718196457327 0.15733333333333333
0 0.0853462157809984 0.5426666666666666 0.10466988727858294 0.104
0 0.5374396135265701 0.492 0.018518518518518517 0.04
