0 0.49516908212560384 0.5253333333333333 0.033816425120772944 0.10666666666666667
0 0.09017713365539452 0.6146666666666667 0.15458937198067632 0.20533333333333334
0 0.19766505636070852 0.5666666666666667 0.107085346215781 0.16266666666666665
0 0.644122383252818 0.556 0.11272141706924316 0.18933333333333333
0 0.6276167471819646 0.5453333333333333 0.10547504025764895 0.15733333333333333
0 0.5929951690821256 0.5373333333333333 0.09098228663446055 0.12533333333333332
0 0.5772946859903382 0.5266666666666666 0.07729468599033816 0.12
0 0.5628019323671497 0.512 0.0644122383252818 0.096
0 0.4424315619967794 0.49733333333333335 0.013687600644122383 0.034666666666666665
0 0.5269726247987118 0.484 0.03462157809983897 0.050666666666666665
0 0.41304347826086957 0.49333333333333335 0.017713365539452495 0.042666666666666665
