0 0.8687600644122383 0.748 0.2608695652173913 0.49866666666666665
0 0.3832528180354267 0.5933333333333334 0.10628019323671498 0.31733333333333336
2 0.8176328502415459 0.752 0.13123993558776167 0.49066666666666664
0 0.09621578099838969 0.7853333333333333 0.19243156199677938 0.424
0 0.6324476650563607 0.5933333333333334 0.09098228663446055 0.184
0 0.716183574879227 0.672 0.16022544283413848 0.33066666666666666
0 0.46215780998389694 0.5213333333333333 0.028985507246376812 0.088
0 0.42028985507246375 0.568 0.06280193236714976 0.17066666666666666
0 0.6090982286634461 0.5626666666666666 0.0571658615136876 0.144
0 0.5853462157809984 0.5386666666666666 0.043478260869565216 0.10666666666666667
0 0.57085346215781 0.5266666666666666 0.037037037037037035 0.088
