0 0.9838969404186796 0.4493333333333333 0.030595813204508857 0.3546666666666667
0 0.32407407407407407 0.632 0.11674718196457327 0.23466666666666666
0 0.1747181964573269 0.7546666666666667 0.2898550724637681 0.48533333333333334
0 0.6497584541062802 0.5386666666666666 0.08373590982286634 0.16533333333333333
0 0.3824476650563607 0.5693333333333334 0.07246376811594203 0.16266666666666665
0 0.41988727858293073 0.5533333333333333 0.04428341384863124 0.11466666666666667
0 0.4331723027375201 0.5386666666666666 0.03864734299516908 0.096
0 0.5450885668276972 0.5293333333333333 0.037037037037037035 0.104
0 0.6545893719806763 0.5093333333333333 0.1143317230273752 0.128
0 0.5599838969404187 0.5226666666666666 0.04428341384863124 0.08533333333333333
0 0.5857487922705314 0.5106666666666667 0.04589371980676329 0.08266666666666667
0 0.49879227053140096 0.4786666666666667 0.03140096618357488 0.034666666666666665
