0 0.49476650563607083 0.56 0.0426731078904992 0.11733333333333333
0 0.18639291465378421 0.7173333333333334 0.21658615136876005 0.4106666666666667
0 0.2673107890499195 0.6386666666666667 0.15942028985507245 0.2906666666666667
0 0.34057971014492755 0.5706666666666667 0.10628019323671498 0.16
0 0.3780193236714976 0.5093333333333333 0.11513687600644122 0.21866666666666668
2 0.7033011272141707 0.64 0.04106280193236715 0.32
0 0.9875201288244766 0.6493333333333333 0.023349436392914653 0.392
0 0.5281803542673108 0.504 0.027375201288244767 0.08533333333333333
0 0.4919484702093398 0.5306666666666666 0.027375201288244767 0.08533333333333333
0 0.4086151368760064 0.5253333333333333 0.08132045088566828 0.11733333333333333
0 0.05555555555555555 0.568 0.1111111111111111 0.18666666666666668
0 0.14009661835748793 0.556 0.08695652173913043 0.11466666666666667
0 0.22020933977455717 0.576 0.11030595813204509 0.176
2 0.17391304347826086 0.524 0.01610305958132045 0.13066666666666665
2 0.22665056360708535 0.5213333333333333 0.012077294685990338 0.08266666666666667
0 0.30676328502415456 0.4866666666666667 0.061191626409017714 0.136
