0 0.5249798549556809 0.5132978723404256 0.021756647864625302 0.05851063829787234
0 0.2570507655116841 0.6555851063829787 0.1643835616438356 0.3324468085106383
0 0.07332796132151491 0.663563829787234 0.14665592264302982 0.32180851063829785
0 0.1990330378726833 0.5598404255319149 0.1095890410958904 0.22606382978723405
0 0.8775181305398871 0.7406914893617021 0.24335213537469783 0.5132978723404256
0 0.3799355358581789 0.5571808510638298 0.060435132957292505 0.13031914893617022
0 0.290491539081386 0.5305851063829787 0.08299758259468171 0.1622340425531915
0 0.41136180499597097 0.5372340425531915 0.0410958904109589 0.09574468085106383
0 0.4951651893634166 0.526595744680851 0.031426269137792104 0.09574468085106383
0 0.35052377115229655 0.5292553191489362 0.045124899274778404 0.09042553191489362
0 0.43674456083803387 0.5146276595744681 0.019339242546333603 0.05585106382978723
0 0.3718775181305399 0.5079787234042553 0.0362610797743755 0.09042553191489362
