0 0.6513687600644122 0.628 0.13687600644122383 0.34933333333333333
0 0.12842190016103058 0.6626666666666666 0.25684380032206117 0.36
0 0.18961352657004832 0.608 0.22302737520128824 0.2826666666666667
0 0.214170692431562 0.568 0.16747181964573268 0.2826666666666667
0 0.25120772946859904 0.572 0.13687600644122383 0.17333333333333334
0 0.3168276972624799 0.5546666666666666 0.11835748792270531 0.14933333333333335
0 0.34098228663446056 0.548 0.107085346215781 0.14133333333333334
0 0.3442028985507246 0.528 0.08454106280193237 0.13866666666666666
0 0.35466988727858295 0.5213333333333333 0.10386473429951691 0.12533333333333332
0 0.392512077294686 0.48533333333333334 0.06521739130434782 0.10133333333333333
1 0.464573268921095 0.484 0.00644122383252818 0.050666666666666665
0 0.5571658615136876 0.5426666666666666 0.04508856682769726 0.12
0 0.6135265700483091 0.5133333333333333 0.08373590982286634 0.11466666666666667
0 0.5157004830917874 0.49333333333333335 0.018518518518518517 0.048
