0 0.16830065359477125 0.75 0.3366013071895425 0.4945945945945946
2 0.5514705882352942 0.5459459459459459 0.0457516339869281 0.2756756756756757
1 0.8590686274509803 0.4594594594594595 0.04820261437908497 0.12972972972972974
2 0.3480392156862745 0.5743243243243243 0.0457516339869281 0.3216216216216216
1 0.7745098039215687 0.48243243243243245 0.026143790849673203 0.15945945945945947
2 0.10947712418300654 0.5851351351351352 0.03431372549019608 0.21891891891891893
2 0.09640522875816994 0.5986486486486486 0.026143790849673203 0.21351351351351353
1 0.3161764705882353 0.577027027027027 0.08496732026143791 0.26756756756756755
2 0.02165032679738562 0.6175675675675676 0.04330065359477124 0.22972972972972974
2 0.10784313725490197 0.5797297297297297 0.03104575163398693 0.27297297297297296
0 0.9648692810457516 0.46756756756756757 0.06862745098039216 0.11351351351351352
0 0.3860294117647059 0.4851351351351351 0.025326797385620915 0.062162162162162166
