0 0.501207729468599 0.5373333333333333 0.05233494363929147 0.16266666666666665
0 0.8510466988727858 0.728 0.23510466988727857 0.5386666666666666
0 0.7455716586151369 0.5906666666666667 0.16908212560386474 0.33866666666666667
0 0.6352657004830918 0.5133333333333333 0.13043478260869565 0.232
0 0.5909822866344605 0.5146666666666667 0.08695652173913043 0.12266666666666666
0 0.5563607085346216 0.48533333333333334 0.05314009661835749 0.07466666666666667
0 0.5450885668276972 0.48133333333333334 0.037037037037037035 0.056
0 0.2250402576489533 0.5386666666666666 0.09259259259259259 0.14933333333333335
0 0.37318840579710144 0.4746666666666667 0.06038647342995169 0.176
0 0.28180354267310787 0.5266666666666666 0.061191626409017714 0.11466666666666667
0 0.3248792270531401 0.5173333333333333 0.04428341384863124 0.07466666666666667
0 0.3804347826086957 0.49066666666666664 0.03140096618357488 0.05333333333333334
0 0.22061191626409019 0.5213333333333333 0.0499194847020934 0.09333333333333334
