0 0.8856682769726248 0.7306666666666667 0.22705314009661837 0.4533333333333333
0 0.12640901771336555 0.6453333333333333 0.2528180354267311 0.3466666666666667
0 0.5289855072463768 0.5213333333333333 0.027375201288244767 0.06666666666666667
0 0.3888888888888889 0.5186666666666667 0.07568438003220612 0.09333333333333334
0 0.6203703703703703 0.5426666666666666 0.09259259259259259 0.11466666666666667
0 0.32004830917874394 0.5466666666666666 0.12318840579710146 0.17066666666666666
0 0.29347826086956524 0.5826666666666667 0.15217391304347827 0.184
0 0.20088566827697263 0.624 0.23752012882447665 0.272
0 0.714170692431562 0.5786666666666667 0.14009661835748793 0.18666666666666668
0 0.7532206119162641 0.6066666666666667 0.16505636070853463 0.2
