0 0.49315619967793883 0.544 0.04589371980676329 0.12266666666666666
0 0.23349436392914655 0.628 0.1610305958132045 0.312
0 0.29871175523349436 0.5893333333333334 0.14009661835748793 0.22933333333333333
0 0.3639291465378422 0.54 0.10144927536231885 0.136
0 0.39895330112721417 0.5146666666666667 0.06682769726247988 0.09066666666666667
0 0.41586151368760066 0.48133333333333334 0.0748792270531401 0.13066666666666665
0 0.9017713365539453 0.768 0.19484702093397746 0.45866666666666667
0 0.7741545893719807 0.6666666666666666 0.2391304347826087 0.464
2 0.5845410628019324 0.5333333333333333 0.017713365539452495 0.144
0 0.7479871175523349 0.536 0.1320450885668277 0.16533333333333333
0 0.4895330112721417 0.512 0.027375201288244767 0.08533333333333333
0 0.059178743961352656 0.628 0.11835748792270531 0.30666666666666664
0 0.15579710144927536 0.58 0.13446054750402575 0.21066666666666667
0 0.9005636070853462 0.516 0.1972624798711755 0.248
0 0.22383252818035426 0.5066666666666667 0.06763285024154589 0.10666666666666667
0 0.3470209339774557 0.468 0.04186795491143317 0.104
