0 0.4939613526570048 0.5613333333333334 0.0426731078904992 0.12
0 0.12077294685990338 0.7586666666666667 0.24154589371980675 0.47733333333333333
0 0.22665056360708535 0.6813333333333333 0.18276972624798712 0.3546666666666667
0 0.32608695652173914 0.5866666666666667 0.11594202898550725 0.176
0 0.3671497584541063 0.5093333333333333 0.12399355877616747 0.24
2 0.7447665056360708 0.6693333333333333 0.05475040257648953 0.384
0 0.5293880837359098 0.5 0.02818035426731079 0.088
0 0.4919484702093398 0.532 0.027375201288244767 0.08266666666666667
0 0.40418679549114334 0.5293333333333333 0.0853462157809984 0.12533333333333332
0 0.038244766505636074 0.5693333333333334 0.07648953301127215 0.18933333333333333
0 0.11312399355877617 0.568 0.09742351046698873 0.12266666666666666
0 0.1928341384863124 0.5933333333333334 0.12962962962962962 0.2
0 0.2721417069243156 0.5573333333333333 0.07246376811594203 0.13866666666666666
2 0.1537842190016103 0.5333333333333333 0.017713365539452495 0.13866666666666666
2 0.21296296296296297 0.5293333333333333 0.007246376811594203 0.088
0 0.2995169082125604 0.48933333333333334 0.0644122383252818 0.14133333333333334
