0 0.4855072463768116 0.5106666666666667 0.024154589371980676 0.07733333333333334
0 0.8997584541062802 0.7573333333333333 0.19887278582930756 0.48
0 0.7958937198067633 0.74 0.3003220611916264 0.5146666666666667
2 0.6256038647342995 0.5333333333333333 0.01932367149758454 0.176
0 0.5752818035426731 0.552 0.06521739130434782 0.16
0 0.5503220611916264 0.5346666666666666 0.0426731078904992 0.12533333333333332
0 0.5285829307568438 0.5013333333333333 0.0249597423510467 0.08
0 0.28502415458937197 0.58 0.07407407407407407 0.136
0 0.3244766505636071 0.5493333333333333 0.05636070853462158 0.11733333333333333
0 0.35909822866344604 0.5266666666666666 0.04186795491143317 0.088
