0 0.499597423510467 0.5586666666666666 0.05394524959742351 0.14666666666666667
0 0.785024154589372 0.6506666666666666 0.2834138486312399 0.6933333333333334
0 0.07689210950080515 0.54 0.1537842190016103 0.24266666666666667
0 0.23067632850241546 0.6373333333333333 0.18276972624798712 0.35733333333333334
0 0.28784219001610306 0.604 0.1537842190016103 0.232
0 0.3321256038647343 0.5746666666666667 0.1360708534621578 0.184
0 0.3892914653784219 0.5346666666666666 0.08132045088566828 0.13066666666666665
0 0.427938808373591 0.504 0.0571658615136876 0.07466666666666667
0 0.6139291465378421 0.5706666666666667 0.07648953301127215 0.16
0 0.5821256038647343 0.528 0.05314009661835749 0.13333333333333333
2 0.5515297906602254 0.5213333333333333 0.01288244766505636 0.11466666666666667
0 0.4939613526570048 0.5173333333333333 0.03140096618357488 0.096
0 0.19806763285024154 0.5093333333333333 0.08051529790660225 0.10666666666666667
