0 0.5221417069243156 0.6146666666666667 0.08454106280193237 0.264
0 0.6348631239935588 0.544 0.10386473429951691 0.16
0 0.5861513687600645 0.5266666666666666 0.061191626409017714 0.09866666666666667
0 0.5660225442834138 0.5173333333333333 0.05475040257648953 0.07466666666666667
0 0.21256038647342995 0.6306666666666667 0.12721417069243157 0.22133333333333333
0 0.08293075684380032 0.644 0.16586151368760063 0.216
0 0.41988727858293073 0.5186666666666667 0.03140096618357488 0.072
0 0.46497584541062803 0.5026666666666667 0.023349436392914653 0.050666666666666665
0 0.49114331723027377 0.49333333333333335 0.017713365539452495 0.042666666666666665
0 0.3059581320450886 0.548 0.061191626409017714 0.09866666666666667
0 0.3385668276972625 0.5293333333333333 0.0426731078904992 0.09866666666666667
0 0.3820450885668277 0.516 0.036231884057971016 0.06666666666666667
0 0.42713365539452497 0.512 0.033011272141706925 0.048
0 0.20893719806763286 0.544 0.06521739130434782 0.10133333333333333
0 0.19766505636070852 0.5266666666666666 0.07004830917874397 0.07733333333333334
