2 0.07648953301127215 0.504 0.01288244766505636 0.13866666666666666
2 0.42391304347826086 0.47733333333333333 0.008856682769726247 0.096
0 0.3973429951690821 0.468 0.0426731078904992 0.10933333333333334
0 0.42632850241545894 0.476 0.0426731078904992 0.08266666666666667
0 0.4673913043478261 0.472 0.050724637681159424 0.06933333333333333
0 0.5833333333333334 0.4573333333333333 0.050724637681159424 0.09333333333333334
0 0.605475040257649 0.46 0.03864734299516908 0.06133333333333333
0 0.6384863123993558 0.45866666666666667 0.04186795491143317 0.064
0 0.6634460547504025 0.464 0.04830917874396135 0.05333333333333334
0 0.6871980676328503 0.464 0.036231884057971016 0.05333333333333334
0 0.7073268921095008 0.4653333333333333 0.039452495974235106 0.050666666666666665
0 0.7286634460547504 0.4613333333333333 0.04669887278582931 0.05333333333333334
0 0.7669082125603864 0.444 0.050724637681159424 0.072
0 0.7866344605475041 0.452 0.04508856682769726 0.050666666666666665
0 0.8039452495974235 0.4533333333333333 0.039452495974235106 0.048
