0 0.49074074074074076 0.5 0.023349436392914653 0.072
0 0.7282608695652174 0.7213333333333334 0.2278582930756844 0.47733333333333333
0 0.038244766505636074 0.6693333333333333 0.07648953301127215 0.24533333333333332
0 0.6356682769726248 0.6066666666666667 0.11030595813204509 0.2693333333333333
2 0.5917874396135265 0.508 0.01288244766505636 0.12533333333333332
0 0.5579710144927537 0.5226666666666666 0.04669887278582931 0.11733333333333333
0 0.5277777777777778 0.49333333333333335 0.021739130434782608 0.06933333333333333
0 0.3361513687600644 0.5466666666666666 0.050724637681159424 0.10133333333333333
0 0.3603059581320451 0.5346666666666666 0.04106280193236715 0.09333333333333334
0 0.38405797101449274 0.5173333333333333 0.033816425120772944 0.07466666666666667
