0 0.8482286634460547 0.7306666666666667 0.30193236714975846 0.5333333333333333
0 0.07125603864734299 0.6826666666666666 0.14251207729468598 0.56
0 0.11030595813204509 0.656 0.22061191626409019 0.304
0 0.22302737520128824 0.6186666666666667 0.19162640901771336 0.23466666666666666
0 0.27697262479871176 0.5906666666666667 0.16264090177133655 0.21066666666666667
0 0.2942834138486312 0.5733333333333334 0.1215780998389694 0.192
0 0.3111916264090177 0.5546666666666666 0.14251207729468598 0.17066666666666666
0 0.3446054750402576 0.5373333333333333 0.0966183574879227 0.12533333333333332
0 0.3804347826086957 0.5013333333333333 0.07971014492753623 0.12266666666666666
1 0.46256038647342995 0.49866666666666665 0.007246376811594203 0.058666666666666666
0 0.5901771336553945 0.5773333333333334 0.06763285024154589 0.17333333333333334
0 0.6586151368760065 0.536 0.11272141706924316 0.14933333333333335
0 0.5877616747181964 0.5026666666666667 0.06280193236714976 0.09333333333333334
0 0.5225442834138486 0.5026666666666667 0.02254428341384863 0.056
