0 0.8405797101449275 0.736 0.3172302737520129 0.5226666666666666
0 0.09581320450885668 0.6613333333333333 0.19162640901771336 0.416
0 0.037037037037037035 0.7306666666666667 0.07407407407407407 0.528
0 0.19122383252818034 0.6253333333333333 0.23752012882447665 0.2906666666666667
0 0.21175523349436393 0.5933333333333334 0.16908212560386474 0.22133333333333333
0 0.29508856682769724 0.544 0.10547504025764895 0.15466666666666667
0 0.3176328502415459 0.544 0.10064412238325282 0.128
0 0.3425925925925926 0.516 0.10869565217391304 0.15733333333333333
0 0.6147342995169082 0.5186666666666667 0.07004830917874397 0.09866666666666667
0 0.5181159420289855 0.5066666666666667 0.029790660225442835 0.06933333333333333
