0 0.4895330112721417 0.5306666666666666 0.04508856682769726 0.12266666666666666
0 0.16344605475040258 0.7653333333333333 0.32689210950080516 0.464
0 0.05837359098228664 0.7693333333333333 0.11674718196457327 0.456
0 0.1356682769726248 0.6813333333333333 0.17149758454106281 0.3333333333333333
0 0.2914653784219002 0.572 0.1111111111111111 0.17333333333333334
0 0.3192431561996779 0.5493333333333333 0.10225442834138486 0.16
0 0.35829307568438 0.5306666666666666 0.07407407407407407 0.10133333333333333
0 0.4388083735909823 0.5293333333333333 0.040257648953301126 0.09866666666666667
0 0.39573268921095006 0.5053333333333333 0.06360708534621579 0.08266666666666667
0 0.5772946859903382 0.5573333333333333 0.0644122383252818 0.15466666666666667
0 0.5632045088566827 0.44266666666666665 0.06682769726247988 0.2613333333333333
2 0.6243961352657005 0.5106666666666667 0.012077294685990338 0.14666666666666667
0 0.05314009661835749 0.5706666666666667 0.10628019323671498 0.15466666666666667
0 0.49114331723027377 0.508 0.028985507246376812 0.088
0 0.2322866344605475 0.5133333333333333 0.05555555555555555 0.088
