0 0.10024154589371981 0.7013333333333334 0.20048309178743962 0.592
0 0.8631239935587761 0.6493333333333333 0.2431561996779388 0.312
0 0.5619967793880838 0.5613333333333334 0.057971014492753624 0.13066666666666665
0 0.15619967793880837 0.644 0.2109500805152979 0.2693333333333333
0 0.20611916264090177 0.6146666666666667 0.1819645732689211 0.22133333333333333
0 0.2918679549114332 0.5853333333333334 0.1392914653784219 0.15733333333333333
0 0.322463768115942 0.5693333333333334 0.10386473429951691 0.12533333333333332
0 0.5309983896940419 0.5333333333333333 0.039452495974235106 0.09066666666666667
0 0.39049919484702095 0.5346666666666666 0.07085346215780998 0.08266666666666667
0 0.39090177133655396 0.516 0.04911433172302738 0.08266666666666667
