0 0.10024154589371981 0.7826666666666666 0.20048309178743962 0.42933333333333334
0 0.33735909822866345 0.6693333333333333 0.11272141706924316 0.272
0 0.2109500805152979 0.688 0.15458937198067632 0.29333333333333333
1 0.6924315619967794 0.6573333333333333 0.1111111111111111 0.312
0 0.9730273752012882 0.588 0.05233494363929147 0.30133333333333334
1 0.749597423510467 0.6866666666666666 0.12721417069243157 0.376
2 0.10426731078904992 0.6453333333333333 0.02818035426731079 0.288
0 0.4166666666666667 0.5746666666666667 0.0426731078904992 0.12533333333333332
0 0.44122383252818037 0.5453333333333333 0.02254428341384863 0.072
0 0.4500805152979066 0.52 0.01932367149758454 0.07466666666666667
0 0.5495169082125604 0.544 0.07809983896940419 0.10133333333333333
0 0.5193236714975845 0.5333333333333333 0.05314009661835749 0.07466666666666667
0 0.38808373590982287 0.584 0.07246376811594203 0.21333333333333335
