0 0.22705314009661837 0.604 0.3252818035426731 0.7866666666666666
0 0.855072463768116 0.732 0.2882447665056361 0.5306666666666666
0 0.6586151368760065 0.5893333333333334 0.21578099838969403 0.288
0 0.40096618357487923 0.548 0.09339774557165861 0.25866666666666666
0 0.11151368760064412 0.7506666666666667 0.22302737520128824 0.44
2 0.8099838969404187 0.5173333333333333 0.01932367149758454 0.18666666666666668
2 0.5897745571658615 0.516 0.013687600644122383 0.12533333333333332
0 0.5418679549114331 0.5346666666666666 0.03864734299516908 0.10933333333333334
0 0.5281803542673108 0.516 0.033816425120772944 0.104
2 0.47624798711755234 0.49466666666666664 0.007246376811594203 0.06133333333333333
2 0.47987117552334946 0.49733333333333335 0.00644122383252818 0.056
0 0.4472624798711755 0.49466666666666664 0.015297906602254429 0.050666666666666665
