1 0.7103758169934641 0.5324324324324324 0.061274509803921566 0.3081081081081081
2 0.7103758169934641 0.5864864864864865 0.051470588235294115 0.44324324324324327
2 0.7197712418300654 0.4810810810810811 0.024509803921568627 0.15675675675675677
2 0.5645424836601307 0.5486486486486486 0.024509803921568627 0.2648648648648649
2 0.5179738562091504 0.5378378378378378 0.032679738562091505 0.2594594594594595
2 0.5249183006535948 0.5337837837837838 0.03349673202614379 0.28378378378378377
2 0.7401960784313726 0.4864864864864865 0.021241830065359478 0.1837837837837838
2 0.9138071895424836 0.4851351351351351 0.02042483660130719 0.20270270270270271
2 0.9419934640522876 0.48243243243243245 0.03104575163398693 0.22972972972972974
2 0.9236111111111112 0.4918918918918919 0.02696078431372549 0.1891891891891892
0 0.5040849673202614 0.4527027027027027 0.014705882352941176 0.051351351351351354
