0 0.9380032206119162 0.5506666666666666 0.12238325281803543 0.32266666666666666
0 0.8804347826086957 0.536 0.16505636070853463 0.22933333333333333
0 0.8051529790660226 0.528 0.12399355877616747 0.18666666666666668
0 0.8631239935587761 0.7413333333333333 0.2721417069243156 0.512
0 0.7053140096618358 0.6746666666666666 0.17391304347826086 0.352
0 0.2359098228663446 0.7226666666666667 0.24798711755233493 0.48
0 0.34782608695652173 0.5613333333333334 0.1320450885668277 0.328
0 0.7620772946859904 0.5106666666666667 0.10386473429951691 0.152
0 0.6996779388083736 0.484 0.10950080515297907 0.152
0 0.6972624798711755 0.48 0.1320450885668277 0.14933333333333335
0 0.3997584541062802 0.5533333333333333 0.071658615136876 0.184
0 0.42310789049919484 0.5293333333333333 0.0571658615136876 0.136
0 0.5301932367149759 0.44133333333333336 0.06360708534621579 0.21066666666666667
