0 0.8470209339774557 0.7786666666666666 0.30434782608695654 0.43733333333333335
0 0.37278582930756843 0.5906666666666667 0.05958132045088567 0.15733333333333333
0 0.13486312399355876 0.768 0.26972624798711753 0.45866666666666667
0 0.6928341384863124 0.7173333333333334 0.177938808373591 0.4
0 0.5901771336553945 0.6106666666666667 0.08373590982286634 0.208
0 0.5515297906602254 0.5706666666666667 0.061191626409017714 0.15466666666666667
0 0.532608695652174 0.5666666666666667 0.04750402576489533 0.11466666666666667
0 0.392914653784219 0.5693333333333334 0.04508856682769726 0.11466666666666667
0 0.4106280193236715 0.5493333333333333 0.030595813204508857 0.08
0 0.6312399355877617 0.5133333333333333 0.05475040257648953 0.088
