0 0.9066022544283414 0.7493333333333333 0.18518518518518517 0.496
0 0.15217391304347827 0.7653333333333333 0.30434782608695654 0.464
0 0.2773752012882448 0.7133333333333334 0.17149758454106281 0.30133333333333334
0 0.6574074074074074 0.652 0.16022544283413848 0.328
0 0.39170692431562 0.5453333333333333 0.05555555555555555 0.13066666666666665
0 0.5591787439613527 0.54 0.050724637681159424 0.13066666666666665
0 0.40418679549114334 0.512 0.04669887278582931 0.14933333333333335
0 0.5434782608695652 0.5293333333333333 0.04508856682769726 0.10933333333333334
0 0.3079710144927536 0.48133333333333334 0.11674718196457327 0.14133333333333334
0 0.4895330112721417 0.4786666666666667 0.01932367149758454 0.06666666666666667
0 0.6191626409017713 0.4653333333333333 0.07729468599033816 0.09866666666666667
