0 0.5269726247987118 0.6386666666666667 0.10547504025764895 0.328
0 0.9943639291465378 0.7466666666666667 0.00966183574879227 0.5013333333333333
0 0.6316425120772947 0.5373333333333333 0.10064412238325282 0.15733333333333333
0 0.5857487922705314 0.52 0.06038647342995169 0.096
0 0.5656199677938808 0.512 0.05394524959742351 0.07466666666666667
0 0.32367149758454106 0.5666666666666667 0.06763285024154589 0.13066666666666665
0 0.10024154589371981 0.6306666666666667 0.16022544283413848 0.20533333333333334
0 0.4392109500805153 0.5066666666666667 0.026570048309178744 0.058666666666666666
0 0.47705314009661837 0.49333333333333335 0.020128824476650563 0.048
0 0.31199677938808373 0.5426666666666666 0.06038647342995169 0.09866666666666667
0 0.3413848631239936 0.5226666666666666 0.04186795491143317 0.096
0 0.38486312399355876 0.5093333333333333 0.03542673107890499 0.064
0 0.42914653784219003 0.504 0.0322061191626409 0.048
0 0.21658615136876005 0.536 0.06280193236714976 0.10133333333333333
0 0.2073268921095008 0.5186666666666667 0.06682769726247988 0.072
