0 0.49355877616747185 0.5413333333333333 0.043478260869565216 0.11733333333333333
0 0.2181964573268921 0.6533333333333333 0.1723027375201288 0.3253333333333333
0 0.30152979066022545 0.5293333333333333 0.18115942028985507 0.4026666666666667
0 0.3534621578099839 0.5666666666666667 0.1143317230273752 0.14666666666666667
0 0.43156199677938806 0.49866666666666665 0.0499194847020934 0.08
0 0.534219001610306 0.48933333333333334 0.033011272141706925 0.104
0 0.4895330112721417 0.516 0.027375201288244767 0.08266666666666667
0 0.37721417069243157 0.5306666666666666 0.11030595813204509 0.16533333333333333
0 0.061996779388083734 0.648 0.12399355877616747 0.3253333333333333
0 0.16626409017713364 0.572 0.13123993558776167 0.21066666666666667
2 0.020531400966183576 0.5306666666666666 0.0249597423510467 0.192
2 0.14412238325281804 0.5186666666666667 0.00966183574879227 0.10933333333333334
0 0.26006441223832527 0.46 0.08373590982286634 0.168
