0 0.12238325281803543 0.784 0.24476650563607086 0.4266666666666667
0 0.8115942028985508 0.6 0.23027375201288244 0.3626666666666667
0 0.2882447665056361 0.6613333333333333 0.15942028985507245 0.33066666666666666
0 0.3788244766505636 0.596 0.07648953301127215 0.184
0 0.40700483091787437 0.556 0.05877616747181964 0.14133333333333334
0 0.5680354267310789 0.5453333333333333 0.05233494363929147 0.152
0 0.7648953301127214 0.5386666666666666 0.2028985507246377 0.21333333333333335
0 0.428341384863124 0.5213333333333333 0.037037037037037035 0.10933333333333334
0 0.4327697262479871 0.5133333333333333 0.04428341384863124 0.08266666666666667
0 0.26610305958132047 0.49733333333333335 0.050724637681159424 0.056
0 0.5841384863123994 0.532 0.0571658615136876 0.12
0 0.6167471819645732 0.5106666666666667 0.05958132045088567 0.10933333333333334
