0 0.5221417069243156 0.496 0.023349436392914653 0.06933333333333333
0 0.45692431561996777 0.5053333333333333 0.023349436392914653 0.06133333333333333
0 0.3615136876006441 0.5266666666666666 0.09822866344605476 0.12
0 0.321256038647343 0.5333333333333333 0.12399355877616747 0.176
0 0.5438808373590982 0.528 0.03784219001610306 0.09066666666666667
0 0.5648148148148148 0.5613333333333334 0.061996779388083734 0.14133333333333334
0 0.23349436392914655 0.6 0.1996779388083736 0.22933333333333333
0 0.08856682769726248 0.7106666666666667 0.17713365539452497 0.36533333333333334
0 0.06038647342995169 0.764 0.12077294685990338 0.4666666666666667
0 0.9086151368760065 0.7466666666666667 0.18115942028985507 0.5013333333333333
