0 0.0535426731078905 0.7293333333333333 0.107085346215781 0.536
0 0.05475040257648953 0.6653333333333333 0.10950080515297907 0.4186666666666667
0 0.11634460547504026 0.62 0.23268921095008052 0.33866666666666667
0 0.1606280193236715 0.5786666666666667 0.15217391304347827 0.2773333333333333
0 0.250805152979066 0.572 0.20531400966183574 0.22133333333333333
0 0.2665056360708535 0.48133333333333334 0.22383252818035426 0.34933333333333333
0 0.6203703703703703 0.6106666666666667 0.11513687600644122 0.25066666666666665
0 0.7000805152979066 0.552 0.1215780998389694 0.16
0 0.5173107890499195 0.4866666666666667 0.018518518518518517 0.04533333333333334
0 0.572463768115942 0.49466666666666664 0.057971014492753624 0.072
