2 0.37336601307189543 0.5918918918918918 0.0457516339869281 0.35135135135135137
0 0.45383986928104575 0.5243243243243243 0.05310457516339869 0.14594594594594595
2 0.21323529411764705 0.5243243243243243 0.027777777777777776 0.2
2 0.11968954248366014 0.5216216216216216 0.02696078431372549 0.23243243243243245
2 0.12418300653594772 0.4797297297297297 0.016339869281045753 0.17027027027027028
0 0.9129901960784313 0.5756756756756757 0.1576797385620915 0.15675675675675677
0 0.8284313725490197 0.5527027027027027 0.08823529411764706 0.13243243243243244
0 0.8933823529411765 0.5567567567567567 0.0988562091503268 0.12432432432432433
0 0.9477124183006536 0.5581081081081081 0.10294117647058823 0.12702702702702703
2 0.1119281045751634 0.5202702702702703 0.02287581699346405 0.21351351351351353
2 0.17034313725490197 0.4864864864864865 0.02042483660130719 0.1837837837837838
2 0.14583333333333334 0.49324324324324326 0.018790849673202614 0.16486486486486487
2 0.2267156862745098 0.4945945945945946 0.010620915032679739 0.13513513513513514
2 0.20915032679738563 0.4851351351351351 0.013071895424836602 0.14324324324324325
2 0.20016339869281047 0.4918918918918919 0.011437908496732025 0.12432432432432433
2 0.18382352941176472 0.4891891891891892 0.013071895424836602 0.13513513513513514
0 0.505718954248366 0.5 0.029411764705882353 0.07567567567567568
2 0.18668300653594772 0.47297297297297297 0.012254901960784314 0.11891891891891893
