0 0.16706924315619967 0.728 0.29871175523349436 0.5386666666666666
0 0.9259259259259259 0.7373333333333333 0.14653784219001612 0.52
0 0.7942834138486312 0.744 0.2826086956521739 0.5066666666666667
0 0.49355877616747185 0.5653333333333334 0.09500805152979067 0.18666666666666668
0 0.6892109500805152 0.6093333333333333 0.09178743961352658 0.27466666666666667
0 0.8884863123993558 0.456 0.11191626409017713 0.18666666666666668
0 0.8067632850241546 0.4746666666666667 0.09500805152979067 0.16533333333333333
0 0.5402576489533011 0.5013333333333333 0.04508856682769726 0.096
0 0.6634460547504025 0.4866666666666667 0.0322061191626409 0.088
0 0.5680354267310789 0.48 0.03140096618357488 0.07466666666666667
0 0.6413043478260869 0.43066666666666664 0.036231884057971016 0.11466666666666667
