0 0.4786462530217567 0.5132978723404256 0.03384367445608381 0.10106382978723404
0 0.12087026591458501 0.7699468085106383 0.24174053182917002 0.45478723404255317
0 0.12127316680096696 0.6090425531914894 0.1587429492344883 0.22872340425531915
0 0.2715551974214343 0.6023936170212766 0.12731668009669622 0.23670212765957446
0 0.2800161160354553 0.5332446808510638 0.0749395648670427 0.15691489361702127
0 0.3904109589041096 0.49867021276595747 0.060435132957292505 0.18882978723404256
0 0.31909750201450443 0.5332446808510638 0.045124899274778404 0.08776595744680851
0 0.41659951651893634 0.5013297872340425 0.032232070910556 0.08776595744680851
0 0.4391619661563255 0.4747340425531915 0.020950846091861403 0.07712765957446809
0 0.19943593875906526 0.5478723404255319 0.0862207896857373 0.1276595744680851
