0 0.47300564061240935 0.5172872340425532 0.0273972602739726 0.08244680851063829
0 0.08783239323126511 0.6861702127659575 0.17566478646253023 0.324468085106383
0 0.21313456889605156 0.7632978723404256 0.2602739726027397 0.46808510638297873
0 0.24778404512489927 0.5771276595744681 0.09750201450443191 0.16489361702127658
0 0.2953263497179694 0.5492021276595744 0.057211925866236905 0.10904255319148937
0 0.36341659951651895 0.5611702127659575 0.064464141821112 0.1276595744680851
0 0.410958904109589 0.488031914893617 0.041901692183722805 0.15159574468085107
0 0.4266720386784851 0.5159574468085106 0.021756647864625302 0.05851063829787234
0 0.06285253827558421 0.6077127659574468 0.12570507655116842 0.18351063829787234
0 0.17203867848509266 0.5531914893617021 0.0958904109589041 0.14361702127659576
