2 0.8631535947712419 0.6797297297297298 0.07434640522875817 0.6081081081081081
2 0.8848039215686274 0.6837837837837838 0.058823529411764705 0.5837837837837838
2 0.5408496732026143 0.4635135135135135 0.016339869281045753 0.16486486486486487
2 0.24632352941176472 0.5364864864864864 0.031862745098039214 0.327027027027027
2 0.43300653594771243 0.5216216216216216 0.024509803921568627 0.21081081081081082
2 0.4632352941176471 0.5135135135135135 0.024509803921568627 0.22702702702702704
2 0.7034313725490197 0.5635135135135135 0.0457516339869281 0.3324324324324324
2 0.4019607843137255 0.4864864864864865 0.02287581699346405 0.21081081081081082
2 0.3966503267973856 0.47702702702702704 0.018790849673202614 0.1918918918918919
2 0.3660130718954248 0.4783783783783784 0.024509803921568627 0.2
2 0.3627450980392157 0.4783783783783784 0.02287581699346405 0.20540540540540542
2 0.494281045751634 0.4486486486486487 0.011437908496732025 0.14594594594594595
2 0.5351307189542484 0.4635135135135135 0.016339869281045753 0.14324324324324325
0 0.10947712418300654 0.49864864864864866 0.21895424836601307 0.9972972972972973
