0 0.09017713365539452 0.7853333333333333 0.18035426731078905 0.424
0 0.9746376811594203 0.5626666666666666 0.04911433172302738 0.4
0 0.9025764895330113 0.556 0.1932367149758454 0.30666666666666664
0 0.25966183574879226 0.6346666666666667 0.13446054750402575 0.22933333333333333
0 0.7222222222222222 0.6853333333333333 0.2028985507246377 0.4
0 0.6264090177133655 0.5893333333333334 0.0998389694041868 0.24
0 0.32971014492753625 0.5853333333333334 0.07004830917874397 0.15733333333333333
0 0.5756843800322061 0.5426666666666666 0.05475040257648953 0.12533333333333332
0 0.3820450885668277 0.548 0.050724637681159424 0.104
0 0.5571658615136876 0.5333333333333333 0.04508856682769726 0.10133333333333333
0 0.4174718196457327 0.52 0.026570048309178744 0.06933333333333333
0 0.538647342995169 0.5173333333333333 0.0322061191626409 0.08
0 0.46859903381642515 0.488 0.033816425120772944 0.042666666666666665
