2 0.09289176090468497 0.8422459893048129 0.18578352180936994 0.31016042780748665
2 0.3550080775444265 0.6898395721925134 0.05250403877221325 0.5668449197860963
2 0.3008885298869144 0.7152406417112299 0.07512116316639741 0.5641711229946524
2 0.5282714054927302 0.5334224598930482 0.027463651050080775 0.232620320855615
2 0.40064620355411956 0.5080213903743316 0.017770597738287562 0.1497326203208556
2 0.39337641357027464 0.5080213903743316 0.014539579967689823 0.13903743315508021
2 0.5197899838449112 0.49866310160427807 0.015347334410339256 0.15775401069518716
2 0.5666397415185783 0.5334224598930482 0.020193861066235864 0.22192513368983957
2 0.5989499192245558 0.5013368983957219 0.020193861066235864 0.18449197860962566
2 0.6155088852988692 0.48262032085561496 0.01615508885298869 0.16310160427807488
0 0.46849757673667203 0.48262032085561496 0.029079159935379646 0.07754010695187166
2 0.2903877221324717 0.5588235294117647 0.04765751211631664 0.23529411764705882
2 0.5868336025848142 0.5267379679144385 0.016962843295638127 0.18716577540106952
