2 0.24394184168012925 0.6938502673796791 0.05977382875605816 0.606951871657754
2 0.19143780290791598 0.7205882352941176 0.16639741518578352 0.553475935828877
2 0.5323101777059773 0.5427807486631016 0.025848142164781908 0.24064171122994651
2 0.3893376413570275 0.5213903743315508 0.017770597738287562 0.16042780748663102
2 0.3739903069466882 0.5200534759358288 0.01615508885298869 0.15240641711229946
2 0.5133279483037156 0.5080213903743316 0.016962843295638127 0.16042780748663102
2 0.5630048465266559 0.5441176470588235 0.0210016155088853 0.232620320855615
2 0.5936995153473344 0.5120320855614974 0.022617124394184167 0.18983957219251338
2 0.6219709208400647 0.49064171122994654 0.01615508885298869 0.16844919786096257
0 0.4596122778675283 0.4879679144385027 0.030694668820678513 0.07754010695187166
2 0.2508077544426494 0.56951871657754 0.02988691437802908 0.25133689839572193
2 0.5872374798061389 0.5374331550802139 0.014539579967689823 0.1925133689839572
