0 0.49557165861513686 0.584 0.08293075684380032 0.2613333333333333
0 0.8683574879227053 0.728 0.25684380032206117 0.5386666666666666
0 0.7359098228663447 0.6026666666666667 0.214170692431562 0.35733333333333334
0 0.6863929146537843 0.5733333333333334 0.14412238325281804 0.224
0 0.027375201288244767 0.6133333333333333 0.05475040257648953 0.2773333333333333
0 0.08695652173913043 0.568 0.16264090177133655 0.24
0 0.43719806763285024 0.47733333333333333 0.020933977455716585 0.058666666666666666
2 0.5789049919484702 0.5053333333333333 0.014492753623188406 0.12533333333333332
2 0.7677133655394525 0.4866666666666667 0.007246376811594203 0.11466666666666667
2 0.7572463768115942 0.484 0.005636070853462158 0.08266666666666667
