0 0.4963768115942029 0.5386666666666666 0.04750402576489533 0.128
0 0.1751207729468599 0.744 0.26811594202898553 0.48
0 0.31280193236714976 0.5813333333333334 0.11674718196457327 0.208
0 0.3494363929146538 0.5573333333333333 0.10789049919484701 0.16533333333333333
0 0.3888888888888889 0.5266666666666666 0.08373590982286634 0.10933333333333334
0 0.42592592592592593 0.484 0.06602254428341385 0.11466666666666667
0 0.7894524959742351 0.736 0.24396135265700483 0.4266666666666667
0 0.6731078904991948 0.5973333333333334 0.1288244766505636 0.2826666666666667
2 0.5776972624798712 0.5213333333333333 0.010466988727858293 0.12
0 0.7057165861513688 0.5266666666666666 0.107085346215781 0.136
0 0.07568438003220612 0.6413333333333333 0.15136876006441224 0.30666666666666664
0 0.4927536231884058 0.5093333333333333 0.028985507246376812 0.08533333333333333
0 0.15861513687600645 0.5733333333333334 0.13043478260869565 0.21333333333333335
0 0.23832528180354268 0.564 0.09178743961352658 0.15733333333333333
0 0.8313204508856683 0.5026666666666667 0.16344605475040258 0.2
