0 0.4758454106280193 0.544 0.04669887278582931 0.128
0 0.15982286634460546 0.7933333333333333 0.3196457326892109 0.408
0 0.29871175523349436 0.7106666666666667 0.16908212560386474 0.408
0 0.35950080515297905 0.624 0.09903381642512077 0.22933333333333333
0 0.2632850241545894 0.6 0.11755233494363929 0.192
0 0.4359903381642512 0.5133333333333333 0.029790660225442835 0.072
0 0.8297101449275363 0.7826666666666666 0.3389694041867955 0.42933333333333334
0 0.6549919484702094 0.6533333333333333 0.1457326892109501 0.35733333333333334
0 0.5318035426731079 0.5333333333333333 0.04106280193236715 0.10133333333333333
0 0.5265700483091788 0.45066666666666666 0.0499194847020934 0.192
2 0.5744766505636071 0.5 0.010466988727858293 0.104
0 0.16223832528180354 0.536 0.08293075684380032 0.10133333333333333
0 0.47624798711755234 0.5146666666666667 0.029790660225442835 0.09066666666666667
0 0.03180354267310789 0.5813333333333334 0.06360708534621579 0.15466666666666667
