1 0.6499183006535948 0.5864864864864865 0.049836601307189546 0.22702702702702704
1 0.3954248366013072 0.6608108108108108 0.06862745098039216 0.37027027027027026
2 0.48570261437908496 0.5513513513513514 0.012254901960784314 0.10270270270270271
2 0.008169934640522876 0.5675675675675675 0.016339869281045753 0.1783783783783784
2 0.021241830065359478 0.5743243243243243 0.021241830065359478 0.15405405405405406
1 0.4534313725490196 0.5405405405405406 0.027777777777777776 0.10810810810810811
2 0.1556372549019608 0.5675675675675675 0.01715686274509804 0.16216216216216217
2 0.1409313725490196 0.5662162162162162 0.015522875816993464 0.13783783783783785
2 0.42401960784313725 0.5378378378378378 0.014705882352941176 0.11891891891891893
2 0.4513888888888889 0.5527027027027027 0.012254901960784314 0.12162162162162163
