0 0.4887278582930757 0.5 0.01932367149758454 0.06133333333333333
0 0.9460547504025765 0.7706666666666667 0.10628019323671498 0.4533333333333333
0 0.43438003220611915 0.528 0.036231884057971016 0.096
0 0.6602254428341385 0.6426666666666667 0.13526570048309178 0.30933333333333335
0 0.6002415458937198 0.584 0.09098228663446055 0.22933333333333333
0 0.5740740740740741 0.5506666666666666 0.057971014492753624 0.17866666666666667
0 0.5458937198067633 0.528 0.04186795491143317 0.10666666666666667
0 0.5241545893719807 0.504 0.02254428341384863 0.06933333333333333
0 0.5366344605475041 0.516 0.033011272141706925 0.09333333333333334
0 0.34541062801932365 0.5186666666666667 0.0499194847020934 0.06133333333333333
0 0.27979066022544286 0.5186666666666667 0.0571658615136876 0.06666666666666667
2 0.6223832528180354 0.516 0.01932367149758454 0.17866666666666667
