0 0.05998389694041868 0.7973333333333333 0.11996779388083736 0.4
0 0.15177133655394526 0.8013333333333333 0.3035426731078905 0.392
0 0.789049919484702 0.7466666666666667 0.3397745571658615 0.5013333333333333
0 0.8015297906602254 0.548 0.20209339774557167 0.2
0 0.3743961352657005 0.5613333333333334 0.07085346215780998 0.16266666666666665
0 0.5793075684380032 0.5573333333333333 0.06360708534621579 0.16
0 0.39492753623188404 0.5146666666666667 0.0571658615136876 0.176
0 0.5575684380032206 0.536 0.05555555555555555 0.128
0 0.285829307568438 0.484 0.1320450885668277 0.16266666666666665
0 0.49315619967793883 0.476 0.020128824476650563 0.072
0 0.6324476650563607 0.452 0.08454106280193237 0.10933333333333334
