0 0.4927536231884058 0.544 0.043478260869565216 0.11733333333333333
0 0.09863123993558776 0.748 0.1972624798711755 0.49866666666666665
0 0.23027375201288244 0.5706666666666667 0.23832528180354268 0.608
0 0.32608695652173914 0.5786666666666667 0.13526570048309178 0.18133333333333335
0 0.3892914653784219 0.5266666666666666 0.08776167471819646 0.13066666666666665
0 0.4255233494363929 0.49466666666666664 0.05394524959742351 0.088
0 0.5370370370370371 0.4826666666666667 0.03542673107890499 0.112
0 0.4895330112721417 0.516 0.027375201288244767 0.08266666666666667
0 0.357890499194847 0.536 0.1280193236714976 0.19733333333333333
0 0.08695652173913043 0.6026666666666667 0.17391304347826086 0.2773333333333333
0 0.23470209339774556 0.464 0.09742351046698873 0.192
