0 0.08333333333333333 0.7346666666666667 0.16666666666666666 0.456
0 0.11634460547504026 0.6626666666666666 0.23268921095008052 0.344
0 0.20813204508856684 0.6 0.19082125603864733 0.24533333333333332
0 0.2431561996779388 0.552 0.17713365539452497 0.256
1 0.4210950080515298 0.5333333333333333 0.01610305958132045 0.11733333333333333
0 0.9545088566827697 0.732 0.0893719806763285 0.5306666666666666
0 0.8965378421900161 0.728 0.20531400966183574 0.4533333333333333
0 0.8268921095008052 0.6373333333333333 0.23671497584541062 0.304
0 0.7628824476650563 0.6 0.16022544283413848 0.24533333333333332
0 0.7137681159420289 0.5866666666666667 0.17310789049919484 0.21333333333333335
0 0.6731078904991948 0.5693333333333334 0.15136876006441224 0.16266666666666665
0 0.6557971014492754 0.544 0.1215780998389694 0.176
0 0.34339774557165864 0.5346666666666666 0.10064412238325282 0.10933333333333334
0 0.3635265700483092 0.5253333333333333 0.08454106280193237 0.096
0 0.5265700483091788 0.5186666666666667 0.03542673107890499 0.088
0 0.5096618357487923 0.49866666666666665 0.020933977455716585 0.058666666666666666
0 0.49516908212560384 0.472 0.01288244766505636 0.048
