0 0.9464869281045751 0.5648648648648649 0.1053921568627451 0.14054054054054055
0 0.8937908496732027 0.5608108108108109 0.10130718954248366 0.13243243243243244
0 0.8251633986928104 0.5608108108108109 0.09477124183006536 0.14324324324324325
0 0.505718954248366 0.5054054054054054 0.027777777777777776 0.08108108108108109
1 0.40931372549019607 0.5364864864864864 0.03594771241830065 0.1810810810810811
1 0.4383169934640523 0.5243243243243243 0.04003267973856209 0.1783783783783784
1 0.4084967320261438 0.49864864864864866 0.014705882352941176 0.0891891891891892
2 0.15645424836601307 0.4648648648648649 0.012254901960784314 0.12972972972972974
2 0.1409313725490196 0.5162162162162162 0.031862745098039214 0.21621621621621623
1 0.8594771241830066 0.6229729729729729 0.15196078431372548 0.5162162162162162
2 0.21446078431372548 0.4918918918918919 0.01715686274509804 0.14594594594594595
2 0.18504901960784315 0.4837837837837838 0.01715686274509804 0.14594594594594595
2 0.48651960784313725 0.6 0.041666666666666664 0.3621621621621622
2 0.5175653594771242 0.5783783783783784 0.041666666666666664 0.34054054054054056
2 0.5588235294117647 0.6 0.05065359477124183 0.3945945945945946
2 0.9620098039215687 0.6932432432432433 0.07434640522875817 0.6081081081081081
2 0.9611928104575164 0.668918918918919 0.07598039215686274 0.527027027027027
2 0.7459150326797386 0.6986486486486486 0.09967320261437909 0.5972972972972973
2 0.752859477124183 0.6797297297297298 0.08741830065359477 0.5540540540540541
2 0.7769607843137255 0.6594594594594595 0.06699346405228758 0.4648648648648649
2 0.5526960784313726 0.6229729729729729 0.05473856209150327 0.4297297297297297
