0 0.9473039215686274 0.5689189189189189 0.10375816993464053 0.13783783783783785
0 0.8941993464052288 0.5608108108108109 0.10212418300653595 0.13243243243243244
0 0.8251633986928104 0.5608108108108109 0.09477124183006536 0.14324324324324325
0 0.505718954248366 0.5054054054054054 0.027777777777777776 0.08108108108108109
1 0.0915032679738562 0.7297297297297297 0.1830065359477124 0.5351351351351351
2 0.6633986928104575 0.6054054054054054 0.0457516339869281 0.3675675675675676
2 0.6973039215686274 0.6081081081081081 0.04820261437908497 0.32432432432432434
2 0.41625816993464054 0.5662162162162162 0.03839869281045752 0.27297297297297296
2 0.2455065359477124 0.5243243243243243 0.02696078431372549 0.21081081081081082
2 0.27532679738562094 0.5337837837837838 0.026143790849673203 0.1918918918918919
2 0.18259803921568626 0.5108108108108108 0.022058823529411766 0.1891891891891892
2 0.2099673202614379 0.5108108108108108 0.0196078431372549 0.1837837837837838
2 0.2406045751633987 0.5135135135135135 0.018790849673202614 0.16756756756756758
