0 0.5036231884057971 0.5626666666666666 0.05233494363929147 0.16533333333333333
0 0.9053945249597424 0.7133333333333334 0.18760064412238325 0.568
0 0.6485507246376812 0.5733333333333334 0.10869565217391304 0.19733333333333333
0 0.5970209339774557 0.544 0.08776167471819646 0.128
0 0.1324476650563607 0.68 0.21175523349436393 0.352
0 0.36231884057971014 0.5453333333333333 0.061191626409017714 0.12
0 0.10144927536231885 0.62 0.1723027375201288 0.21066666666666667
0 0.2177938808373591 0.5653333333333334 0.08776167471819646 0.17066666666666666
0 0.43719806763285024 0.5146666666666667 0.033816425120772944 0.064
0 0.3168276972624799 0.5373333333333333 0.05877616747181964 0.09866666666666667
0 0.39049919484702095 0.52 0.043478260869565216 0.064
0 0.02938808373590982 0.5493333333333333 0.05877616747181964 0.11733333333333333
0 0.5265700483091788 0.496 0.020933977455716585 0.048
0 0.23510466988727857 0.5333333333333333 0.07085346215780998 0.096
