0 0.961755233494364 0.552 0.0748792270531401 0.35733333333333334
0 0.9134460547504025 0.5453333333333333 0.17149758454106281 0.25866666666666666
0 0.8264895330112721 0.5266666666666666 0.13446054750402575 0.20533333333333334
0 0.8981481481481481 0.7466666666666667 0.20209339774557167 0.5013333333333333
0 0.7435587761674718 0.724 0.2278582930756844 0.44
0 0.1638486312399356 0.74 0.3276972624798712 0.5146666666666667
0 0.32085346215780997 0.5586666666666666 0.1537842190016103 0.376
0 0.7729468599033816 0.504 0.1111111111111111 0.16533333333333333
0 0.7033011272141707 0.48533333333333334 0.11674718196457327 0.16
0 0.6996779388083736 0.4786666666666667 0.14009661835748793 0.15733333333333333
0 0.3824476650563607 0.556 0.0821256038647343 0.20533333333333334
0 0.4102254428341385 0.5186666666666667 0.05877616747181964 0.14666666666666667
0 0.5241545893719807 0.43333333333333335 0.06924315619967794 0.216
