0 0.5060386473429952 0.5733333333333334 0.06682769726247988 0.208
0 0.7624798711755234 0.604 0.21578099838969403 0.5093333333333333
0 0.6421095008051529 0.5533333333333333 0.1280193236714976 0.19466666666666665
0 0.5744766505636071 0.5013333333333333 0.06521739130434782 0.09066666666666667
0 0.5515297906602254 0.49466666666666664 0.043478260869565216 0.06666666666666667
0 0.5442834138486312 0.49066666666666664 0.04186795491143317 0.05333333333333334
0 0.08373590982286634 0.592 0.16747181964573268 0.24533333333333332
0 0.08494363929146538 0.5826666666666667 0.16988727858293076 0.776
0 0.20048309178743962 0.5653333333333334 0.0998389694041868 0.16
0 0.27697262479871176 0.5466666666666666 0.06280193236714976 0.10133333333333333
0 0.36191626409017713 0.5106666666666667 0.03784219001610306 0.06666666666666667
0 0.3780193236714976 0.5 0.02818035426731079 0.072
0 0.40458937198067635 0.492 0.026570048309178744 0.050666666666666665
0 0.4363929146537842 0.48933333333333334 0.02576489533011272 0.04
0 0.9533011272141707 0.5426666666666666 0.09178743961352658 0.10933333333333334
0 0.1288244766505636 0.5453333333333333 0.07729468599033816 0.12533333333333332
