2 0.9174718196457327 0.652 0.16344605475040258 0.6906666666666667
1 0.2922705314009662 0.5613333333333334 0.04830917874396135 0.25866666666666666
1 0.3140096618357488 0.5453333333333333 0.040257648953301126 0.21066666666666667
0 0.4247181964573269 0.488 0.07004830917874397 0.176
2 0.05958132045088567 0.604 0.05314009661835749 0.18933333333333333
2 0.09500805152979067 0.5893333333333334 0.057971014492753624 0.176
2 0.0929951690821256 0.5786666666666667 0.026570048309178744 0.23466666666666666
2 0.9255233494363929 0.672 0.13446054750402575 0.6506666666666666
2 0.7814009661835749 0.7493333333333333 0.05555555555555555 0.37333333333333335
2 0.8156199677938808 0.7426666666666667 0.04830917874396135 0.37066666666666664
2 0.2181964573268921 0.56 0.033816425120772944 0.13333333333333333
1 0.5084541062801933 0.5173333333333333 0.03462157809983897 0.128
2 0.7459742351046699 0.5173333333333333 0.018518518518518517 0.15466666666666667
0 0.35950080515297905 0.5066666666666667 0.06038647342995169 0.06933333333333333
