0 0.18679549114331723 0.7413333333333333 0.357487922705314 0.512
0 0.8417874396135265 0.7506666666666667 0.3148148148148148 0.49333333333333335
0 0.6537842190016103 0.7093333333333334 0.16747181964573268 0.4106666666666667
0 0.3425925925925926 0.6533333333333333 0.11674718196457327 0.3253333333333333
0 0.3836553945249597 0.592 0.07971014492753623 0.19733333333333333
0 0.5857487922705314 0.5826666666666667 0.08454106280193237 0.21066666666666667
0 0.5519323671497585 0.5573333333333333 0.05877616747181964 0.14933333333333335
0 0.4323671497584541 0.5253333333333333 0.037037037037037035 0.10133333333333333
0 0.4492753623188406 0.5066666666666667 0.0322061191626409 0.10666666666666667
0 0.463768115942029 0.5066666666666667 0.028985507246376812 0.08533333333333333
