0 0.46817082997582593 0.5199468085106383 0.03384367445608381 0.10372340425531915
0 0.1579371474617244 0.7446808510638298 0.3158742949234488 0.5053191489361702
0 0.31466559226430296 0.6170212765957447 0.10394842868654311 0.22872340425531915
0 0.17284448025785656 0.6037234042553191 0.14101531023368252 0.2127659574468085
0 0.09145850120870266 0.5784574468085106 0.12651087832393232 0.1622340425531915
0 0.2526188557614827 0.5571808510638298 0.0749395648670427 0.14095744680851063
0 0.3243352135374698 0.49867021276595747 0.0652699435938759 0.18351063829787234
0 0.21756647864625303 0.5438829787234043 0.07091055600322321 0.10904255319148937
0 0.34971796937953264 0.5212765957446809 0.037066881547139406 0.0797872340425532
0 0.43029814665592264 0.4587765957446808 0.024174053182917002 0.125
0 0.2771958098307816 0.5199468085106383 0.043513295729250605 0.08244680851063829
