0 0.38808373590982287 0.5213333333333333 0.07085346215780998 0.088
0 0.532608695652174 0.532 0.039452495974235106 0.09333333333333334
0 0.3305152979066023 0.5426666666666666 0.11513687600644122 0.136
0 0.24194847020933977 0.596 0.17149758454106281 0.20533333333333334
0 0.7049114331723028 0.5826666666666667 0.16666666666666666 0.2
0 0.1855877616747182 0.6186666666666667 0.21497584541062803 0.24
0 0.1292270531400966 0.6306666666666667 0.2584541062801932 0.36533333333333334
0 0.10789049919484701 0.7226666666666667 0.21578099838969403 0.4266666666666667
0 0.06561996779388084 0.764 0.13123993558776167 0.4666666666666667
0 0.9448470209339774 0.7426666666666667 0.10869565217391304 0.5093333333333333
