0 0.4967793880837359 0.524 0.040257648953301126 0.12533333333333332
0 0.2894524959742351 0.5733333333333334 0.08293075684380032 0.14933333333333335
0 0.710950080515298 0.592 0.17552334943639292 0.288
0 0.6211755233494364 0.5426666666666666 0.11513687600644122 0.16266666666666665
0 0.607085346215781 0.5293333333333333 0.09339774557165861 0.136
0 0.5986312399355878 0.5093333333333333 0.07809983896940419 0.128
0 0.5656199677938808 0.488 0.07326892109500806 0.11733333333333333
0 0.5519323671497585 0.496 0.0571658615136876 0.07466666666666667
0 0.32689210950080516 0.508 0.04508856682769726 0.088
0 0.43719806763285024 0.464 0.027375201288244767 0.08
0 0.35144927536231885 0.504 0.03462157809983897 0.07466666666666667
0 0.40217391304347827 0.488 0.021739130434782608 0.042666666666666665
0 0.3027375201288245 0.5013333333333333 0.027375201288244767 0.064
0 0.10024154589371981 0.5106666666666667 0.033011272141706925 0.072
