0 0.30475040257648955 0.652 0.1360708534621578 0.2693333333333333
0 0.1457326892109501 0.756 0.2914653784219002 0.4826666666666667
0 0.6634460547504025 0.544 0.09339774557165861 0.18133333333333335
0 0.3743961352657005 0.58 0.07890499194847021 0.17866666666666667
0 0.41586151368760066 0.5586666666666666 0.04750402576489533 0.12
0 0.42995169082125606 0.5413333333333333 0.040257648953301126 0.10133333333333333
0 0.5487117552334944 0.532 0.039452495974235106 0.10933333333333334
0 0.6658615136876006 0.508 0.12238325281803543 0.136
0 0.5632045088566827 0.5253333333333333 0.04589371980676329 0.09066666666666667
0 0.5905797101449275 0.508 0.04750402576489533 0.088
0 0.5237520128824477 0.47333333333333333 0.03140096618357488 0.034666666666666665
