2 0.4834410339256866 0.5267379679144385 0.021809369951534735 0.13368983957219252
0 0.3154281098546042 0.4585561497326203 0.12358642972536349 0.22192513368983957
0 0.3994345718901454 0.44786096256684493 0.06058158319870759 0.20588235294117646
0 0.5149434571890146 0.4318181818181818 0.19143780290791598 0.20053475935828877
2 0.9333602584814217 0.7981283422459893 0.13166397415185785 0.3983957219251337
2 0.8356219709208401 0.7794117647058824 0.08319870759289176 0.4358288770053476
2 0.657108239095315 0.6711229946524064 0.05573505654281099 0.26737967914438504
2 0.6918416801292407 0.6657754010695187 0.05735056542810985 0.26737967914438504
2 0.632875605815832 0.6577540106951871 0.05250403877221325 0.22459893048128343
2 0.6700323101777059 0.6390374331550802 0.0395799676898223 0.24064171122994651
