0 0.10909822866344605 0.7106666666666667 0.2181964573268921 0.392
0 0.1638486312399356 0.6546666666666666 0.25684380032206117 0.32266666666666666
0 0.21658615136876005 0.6106666666666667 0.17713365539452497 0.272
0 0.25120772946859904 0.592 0.19484702093397746 0.22933333333333333
0 0.2669082125603865 0.5666666666666667 0.12962962962962962 0.184
0 0.3079710144927536 0.5613333333333334 0.12318840579710146 0.15733333333333333
0 0.3164251207729469 0.5466666666666666 0.12560386473429952 0.144
0 0.34903381642512077 0.528 0.09098228663446055 0.12266666666666666
0 0.3603059581320451 0.512 0.09420289855072464 0.144
1 0.4561191626409018 0.5093333333333333 0.008856682769726247 0.06933333333333333
0 0.6304347826086957 0.6293333333333333 0.10628019323671498 0.256
0 0.7049114331723028 0.5613333333333334 0.14895330112721417 0.19466666666666665
0 0.6002415458937198 0.512 0.07326892109500806 0.10666666666666667
0 0.5245571658615137 0.508 0.0249597423510467 0.06133333333333333
