2 0.7516155088852988 0.6978609625668449 0.0912762520193861 0.5989304812834224
2 0.308562197092084 0.5548128342245989 0.03231017770597738 0.27540106951871657
2 0.6853796445880452 0.6898395721925134 0.05735056542810985 0.5133689839572193
2 0.5407915993537964 0.660427807486631 0.05250403877221325 0.45989304812834225
2 0.4236672051696284 0.6243315508021391 0.04604200323101777 0.3770053475935829
2 0.6009693053311793 0.6029411764705882 0.050080775444264945 0.3716577540106952
2 0.4858642972536349 0.5775401069518716 0.0395799676898223 0.3155080213903743
2 0.5476575121163166 0.6443850267379679 0.04038772213247173 0.3850267379679144
2 0.529886914378029 0.553475935828877 0.03877221324717286 0.2887700534759358
2 0.5597738287560582 0.6042780748663101 0.06623586429725363 0.35294117647058826
0 0.4087237479806139 0.5427807486631016 0.07108239095315025 0.17647058823529413
