0 0.8651368760064412 0.7466666666666667 0.26811594202898553 0.5013333333333333
0 0.1956521739130435 0.7613333333333333 0.27375201288244766 0.472
0 0.30515297906602257 0.68 0.143317230273752 0.256
0 0.6356682769726248 0.6266666666666667 0.13446054750402575 0.2826666666666667
0 0.39855072463768115 0.5413333333333333 0.05152979066022544 0.12266666666666666
0 0.5559581320450886 0.5386666666666666 0.04750402576489533 0.12266666666666666
0 0.40942028985507245 0.508 0.04428341384863124 0.14133333333333334
0 0.5410628019323671 0.528 0.04186795491143317 0.10133333333333333
0 0.3144122383252818 0.48 0.11191626409017713 0.13866666666666666
0 0.49114331723027377 0.48133333333333334 0.01932367149758454 0.06666666666666667
0 0.6171497584541062 0.464 0.0748792270531401 0.096
