0 0.8007246376811594 0.7466666666666667 0.2809983896940419 0.5013333333333333
0 0.40499194847020936 0.5133333333333333 0.07407407407407407 0.09333333333333334
2 0.36594202898550726 0.524 0.015297906602254429 0.14666666666666667
1 0.7612721417069244 0.5413333333333333 0.07648953301127215 0.18666666666666668
0 0.5954106280193237 0.488 0.06521739130434782 0.08
0 0.7572463768115942 0.4826666666666667 0.07809983896940419 0.07466666666666667
0 0.9597423510466989 0.4653333333333333 0.07890499194847021 0.09866666666666667
0 0.39533011272141705 0.5093333333333333 0.05636070853462158 0.07466666666666667
0 0.2073268921095008 0.524 0.061996779388083734 0.07733333333333334
0 0.4726247987117552 0.484 0.01932367149758454 0.04533333333333334
0 0.4428341384863124 0.49066666666666664 0.02254428341384863 0.042666666666666665
