0 0.48993558776167473 0.5026666666666667 0.018518518518518517 0.06133333333333333
0 0.892914653784219 0.7533333333333333 0.21256038647342995 0.488
0 0.43800322061191627 0.528 0.033816425120772944 0.09066666666666667
0 0.644927536231884 0.6266666666666667 0.11916264090177134 0.2773333333333333
0 0.5933977455716586 0.576 0.08373590982286634 0.21333333333333335
0 0.5700483091787439 0.5466666666666666 0.05475040257648953 0.17066666666666666
0 0.5450885668276972 0.528 0.040257648953301126 0.10133333333333333
0 0.5241545893719807 0.5026666666666667 0.02254428341384863 0.06666666666666667
0 0.34903381642512077 0.5173333333333333 0.04911433172302738 0.058666666666666666
0 0.28462157809983896 0.5186666666666667 0.05555555555555555 0.06133333333333333
2 0.6191626409017713 0.5146666666666667 0.017713365539452495 0.17066666666666666
