0 0.7222222222222222 0.49866666666666665 0.004830917874396135 0.9973333333333333
0 0.7016908212560387 0.644 0.2069243156199678 0.5093333333333333
0 0.6147342995169082 0.5866666666666667 0.10547504025764895 0.24533333333333332
0 0.5446859903381642 0.536 0.05877616747181964 0.13333333333333333
0 0.019726247987117553 0.6226666666666667 0.039452495974235106 0.184
1 0.38687600644122383 0.528 0.015297906602254429 0.11733333333333333
0 0.3534621578099839 0.552 0.043478260869565216 0.112
0 0.5088566827697263 0.52 0.04830917874396135 0.11733333333333333
0 0.47020933977455714 0.512 0.0322061191626409 0.07466666666666667
1 0.4037842190016103 0.5213333333333333 0.013687600644122383 0.10933333333333334
