0 0.5056360708534622 0.712 0.178743961352657 0.56
0 0.3196457326892109 0.52 0.0322061191626409 0.05333333333333334
0 0.28462157809983896 0.5266666666666666 0.03140096618357488 0.056
0 0.357085346215781 0.5093333333333333 0.03140096618357488 0.05333333333333334
0 0.8180354267310789 0.5226666666666666 0.1111111111111111 0.11733333333333333
0 0.9545088566827697 0.536 0.0893719806763285 0.17066666666666666
0 0.4134460547504026 0.52 0.08132045088566828 0.08533333333333333
0 0.8365539452495975 0.5013333333333333 0.08695652173913043 0.10666666666666667
0 0.2966988727858293 0.5346666666666666 0.10869565217391304 0.15733333333333333
0 0.21537842190016104 0.5693333333333334 0.14090177133655393 0.184
