0 0.500805152979066 0.536 0.05958132045088567 0.16
0 0.07407407407407407 0.5266666666666666 0.14814814814814814 0.22133333333333333
1 0.96658615136876 0.712 0.06521739130434782 0.528
0 0.6328502415458938 0.5106666666666667 0.10789049919484701 0.32266666666666666
2 0.27979066022544286 0.5866666666666667 0.04106280193236715 0.43733333333333335
0 0.20853462157809985 0.4786666666666667 0.08856682769726248 0.15733333333333333
0 0.3280998389694042 0.512 0.11674718196457327 0.19733333333333333
0 0.34782608695652173 0.5053333333333333 0.10789049919484701 0.14666666666666667
0 0.37399355877616747 0.5066666666666667 0.10064412238325282 0.12266666666666666
0 0.4086151368760064 0.48133333333333334 0.06360708534621579 0.09866666666666667
0 0.43478260869565216 0.4573333333333333 0.04830917874396135 0.06666666666666667
0 0.5756843800322061 0.49866666666666665 0.0499194847020934 0.112
0 0.5595813204508857 0.47333333333333333 0.040257648953301126 0.104
2 0.534621578099839 0.472 0.01288244766505636 0.09066666666666667
0 0.48711755233494364 0.484 0.033816425120772944 0.09866666666666667
0 0.250805152979066 0.4666666666666667 0.06038647342995169 0.08533333333333333
