0 0.9500805152979066 0.6773333333333333 0.09822866344605476 0.64
0 0.8160225442834138 0.6666666666666666 0.3663446054750403 0.6613333333333333
0 0.6557971014492754 0.6226666666666667 0.1247987117552335 0.32266666666666666
2 0.5797101449275363 0.512 0.017713365539452495 0.14933333333333335
2 0.5845410628019324 0.5093333333333333 0.017713365539452495 0.144
0 0.42713365539452497 0.5133333333333333 0.03140096618357488 0.09866666666666667
2 0.5128824476650563 0.49866666666666665 0.00966183574879227 0.08
0 0.30112721417069244 0.6106666666666667 0.10144927536231885 0.21866666666666668
0 0.12560386473429952 0.7466666666666667 0.25120772946859904 0.5013333333333333
2 0.34822866344605474 0.5386666666666666 0.012077294685990338 0.10133333333333333
