0 0.3896940418679549 0.5973333333333334 0.11594202898550725 0.2773333333333333
0 0.6835748792270532 0.652 0.1706924315619968 0.4186666666666667
0 0.43397745571658614 0.5546666666666666 0.09017713365539452 0.18133333333333335
0 0.5740740740740741 0.5146666666666667 0.03864734299516908 0.10133333333333333
0 0.6231884057971014 0.5786666666666667 0.08695652173913043 0.208
2 0.39009661835748793 0.528 0.015297906602254429 0.18666666666666668
2 0.394122383252818 0.5186666666666667 0.010466988727858293 0.15733333333333333
0 0.4895330112721417 0.492 0.024154589371980676 0.072
0 0.5607890499194848 0.5013333333333333 0.02818035426731079 0.07466666666666667
2 0.4053945249597424 0.5226666666666666 0.010466988727858293 0.16
