0 0.051932367149758456 0.7946666666666666 0.10386473429951691 0.4053333333333333
0 0.8514492753623188 0.7373333333333333 0.29549114331723025 0.52
0 0.17028985507246377 0.6906666666666667 0.1892109500805153 0.336
0 0.6356682769726248 0.5893333333333334 0.107085346215781 0.224
0 0.3244766505636071 0.5733333333333334 0.09017713365539452 0.16533333333333333
0 0.5901771336553945 0.556 0.07407407407407407 0.15733333333333333
0 0.39573268921095006 0.52 0.036231884057971016 0.09066666666666667
0 0.5555555555555556 0.52 0.04508856682769726 0.10666666666666667
0 0.5462962962962963 0.5146666666666667 0.036231884057971016 0.09066666666666667
0 0.4214975845410628 0.4866666666666667 0.04589371980676329 0.050666666666666665
