0 0.10587761674718196 0.6613333333333333 0.21175523349436393 0.3413333333333333
0 0.16948470209339775 0.6333333333333333 0.2584541062801932 0.28
0 0.21215780998389694 0.596 0.20209339774557167 0.22666666666666666
0 0.8373590982286635 0.744 0.32367149758454106 0.5066666666666667
0 0.5889694041867954 0.588 0.07004830917874397 0.16266666666666665
0 0.28703703703703703 0.5813333333333334 0.1392914653784219 0.18666666666666668
0 0.31239935587761675 0.564 0.1143317230273752 0.184
0 0.3385668276972625 0.5506666666666666 0.09098228663446055 0.14133333333333334
0 0.6392914653784219 0.5453333333333333 0.0966183574879227 0.104
0 0.3715780998389694 0.504 0.07809983896940419 0.13866666666666666
0 0.5269726247987118 0.492 0.029790660225442835 0.104
0 0.4001610305958132 0.5173333333333333 0.06280193236714976 0.06933333333333333
0 0.41586151368760066 0.5093333333333333 0.05555555555555555 0.07466666666666667
0 0.5152979066022544 0.484 0.020933977455716585 0.08266666666666667
