0 0.49033816425120774 0.5533333333333333 0.04830917874396135 0.13066666666666665
0 0.05475040257648953 0.76 0.10950080515297907 0.4746666666666667
0 0.22624798711755234 0.6053333333333333 0.13687600644122383 0.24533333333333332
0 0.35507246376811596 0.6493333333333333 0.13365539452495975 0.27466666666666667
0 0.3965378421900161 0.5853333333333334 0.07004830917874397 0.19466666666666665
0 0.34057971014492755 0.544 0.0821256038647343 0.12266666666666666
0 0.4500805152979066 0.5106666666666667 0.02254428341384863 0.06133333333333333
2 0.8860708534621579 0.7506666666666667 0.16505636070853463 0.49333333333333335
0 0.7725442834138486 0.7506666666666667 0.3003220611916264 0.49333333333333335
0 0.6396940418679549 0.6506666666666666 0.1360708534621578 0.2773333333333333
0 0.5869565217391305 0.572 0.07246376811594203 0.18933333333333333
0 0.5285829307568438 0.528 0.03140096618357488 0.08
0 0.5261674718196457 0.464 0.039452495974235106 0.15466666666666667
0 0.48429951690821255 0.5226666666666666 0.029790660225442835 0.09066666666666667
0 0.1473429951690821 0.536 0.08373590982286634 0.112
