0 0.4967793880837359 0.5293333333333333 0.04830917874396135 0.13066666666666665
0 0.17552334943639292 0.664 0.20450885668276972 0.33066666666666666
0 0.2580515297906602 0.6146666666666667 0.15217391304347827 0.232
0 0.32689210950080516 0.5426666666666666 0.08695652173913043 0.14666666666666667
0 0.41545893719806765 0.564 0.06924315619967794 0.14666666666666667
0 0.3820450885668277 0.5173333333333333 0.061996779388083734 0.09066666666666667
0 0.8047504025764896 0.5266666666666666 0.3888888888888889 0.9413333333333334
0 0.6155394524959742 0.5813333333333334 0.10386473429951691 0.22933333333333333
0 0.5809178743961353 0.5506666666666666 0.07004830917874397 0.14666666666666667
0 0.5611916264090178 0.5093333333333333 0.04669887278582931 0.128
0 0.5277777777777778 0.496 0.0249597423510467 0.064
0 0.038244766505636074 0.6586666666666666 0.07648953301127215 0.272
0 0.11916264090177134 0.5533333333333333 0.1932367149758454 0.32266666666666666
0 0.4939613526570048 0.5053333333333333 0.03140096618357488 0.09333333333333334
0 0.023349436392914653 0.5653333333333334 0.04669887278582931 0.15466666666666667
