0 0.6247987117552335 0.6106666666666667 0.11755233494363929 0.304
0 0.09057971014492754 0.7386666666666667 0.18115942028985507 0.43733333333333335
0 0.14090177133655393 0.6666666666666666 0.23993558776167473 0.31466666666666665
0 0.18639291465378421 0.6226666666666667 0.23752012882447665 0.2693333333333333
0 0.23832528180354268 0.6013333333333334 0.16908212560386474 0.2
0 0.5793075684380032 0.568 0.071658615136876 0.16
0 0.5471014492753623 0.528 0.04106280193236715 0.12266666666666666
0 0.3615136876006441 0.5213333333333333 0.06924315619967794 0.12533333333333332
0 0.392914653784219 0.5253333333333333 0.061191626409017714 0.08
0 0.5269726247987118 0.5106666666666667 0.0249597423510467 0.06666666666666667
