0 0.4867149758454106 0.5066666666666667 0.023349436392914653 0.07466666666666667
0 0.8462157809983897 0.7493333333333333 0.3059581320450886 0.496
0 0.7129629629629629 0.6933333333333334 0.1956521739130435 0.43733333333333335
2 0.6115136876006442 0.5253333333333333 0.016908212560386472 0.15466666666666667
0 0.5684380032206119 0.5426666666666666 0.057971014492753624 0.14133333333333334
0 0.5462962962962963 0.532 0.039452495974235106 0.11466666666666667
0 0.5273752012882448 0.49733333333333335 0.024154589371980676 0.07733333333333334
0 0.30515297906602257 0.568 0.0644122383252818 0.12266666666666666
0 0.33695652173913043 0.5413333333333333 0.050724637681159424 0.10666666666666667
0 0.3675523349436393 0.524 0.039452495974235106 0.08266666666666667
