0 0.46817082997582593 0.5212765957446809 0.03384367445608381 0.10106382978723404
0 0.14544721998388396 0.7460106382978723 0.2908944399677679 0.5026595744680851
0 0.3005640612409347 0.6303191489361702 0.11764705882352941 0.25
0 0.14182111200644643 0.6196808510638298 0.1643835616438356 0.2393617021276596
0 0.06607574536663981 0.5877659574468085 0.13215149073327961 0.17553191489361702
0 0.23569701853344077 0.5651595744680851 0.08460918614020951 0.15159574468085107
0 0.3170829975825947 0.5013297872340425 0.07010475423045931 0.19414893617021275
0 0.20306204673650283 0.5478723404255319 0.07735697018533441 0.11702127659574468
0 0.3444802578565673 0.523936170212766 0.0394842868654311 0.0851063829787234
0 0.43110394842868655 0.4587765957446808 0.024174053182917002 0.125
0 0.26913779210314265 0.5226063829787234 0.046736502820306204 0.08776595744680851
