0 0.7793880837359098 0.7426666666666667 0.3107890499194847 0.5093333333333333
0 0.2946859903381642 0.66 0.1288244766505636 0.25866666666666666
0 0.5837359098228664 0.5733333333333334 0.07407407407407407 0.18666666666666668
0 0.3691626409017713 0.5693333333333334 0.07004830917874397 0.168
0 0.4106280193236715 0.532 0.033816425120772944 0.09333333333333334
1 0.4617552334943639 0.5013333333333333 0.007246376811594203 0.058666666666666666
1 0.47101449275362317 0.49733333333333335 0.00644122383252818 0.056
0 0.42995169082125606 0.5173333333333333 0.024154589371980676 0.058666666666666666
0 0.5148953301127214 0.49466666666666664 0.015297906602254429 0.04
0 0.538647342995169 0.5173333333333333 0.037037037037037035 0.10133333333333333
