0 0.8530595813204509 0.756 0.2922705314009662 0.4826666666666667
0 0.7600644122383253 0.6013333333333334 0.143317230273752 0.424
0 0.47101449275362317 0.49733333333333335 0.040257648953301126 0.14133333333333334
0 0.7552334943639292 0.45466666666666666 0.178743961352657 0.22133333333333333
0 0.3309178743961353 0.528 0.05475040257648953 0.10666666666666667
0 0.2665056360708535 0.5106666666666667 0.06763285024154589 0.14666666666666667
0 0.4110305958132045 0.492 0.029790660225442835 0.08266666666666667
0 0.5958132045088567 0.49866666666666665 0.05475040257648953 0.10133333333333333
0 0.5225442834138486 0.44533333333333336 0.027375201288244767 0.096
0 0.6356682769726248 0.49733333333333335 0.0571658615136876 0.10933333333333334
0 0.9428341384863124 0.432 0.11272141706924316 0.17066666666666666
0 0.48752012882447665 0.43066666666666664 0.02818035426731079 0.136
0 0.15499194847020933 0.5386666666666666 0.08454106280193237 0.112
0 0.06280193236714976 0.56 0.07729468599033816 0.10133333333333333
