0 0.9416264090177133 0.7826666666666666 0.11513687600644122 0.42933333333333334
0 0.8961352657004831 0.6813333333333333 0.20611916264090177 0.4186666666666667
0 0.7282608695652174 0.56 0.18438003220611915 0.22933333333333333
0 0.1678743961352657 0.5466666666666666 0.23429951690821257 0.37333333333333335
0 0.21980676328502416 0.5746666666666667 0.1529790660225443 0.19466666666666665
0 0.5559581320450886 0.48533333333333334 0.06038647342995169 0.19733333333333333
0 0.3144122383252818 0.5413333333333333 0.12640901771336555 0.13866666666666666
0 0.357085346215781 0.5133333333333333 0.10064412238325282 0.136
0 0.5253623188405797 0.47733333333333333 0.033011272141706925 0.12266666666666666
0 0.427938808373591 0.4693333333333333 0.05394524959742351 0.08533333333333333
