0 0.8397745571658615 0.732 0.3188405797101449 0.5306666666666666
0 0.14130434782608695 0.744 0.2826086956521739 0.5066666666666667
0 0.677536231884058 0.652 0.17149758454106281 0.33866666666666667
0 0.5917874396135265 0.4746666666666667 0.1111111111111111 0.35733333333333334
0 0.5543478260869565 0.524 0.04750402576489533 0.14666666666666667
0 0.5454911433172303 0.52 0.04106280193236715 0.10666666666666667
0 0.5197262479871175 0.5173333333333333 0.02818035426731079 0.07466666666666667
0 0.40942028985507245 0.5346666666666666 0.02818035426731079 0.06666666666666667
0 0.501610305958132 0.5053333333333333 0.0322061191626409 0.072
0 0.47624798711755234 0.5133333333333333 0.023349436392914653 0.050666666666666665
