0 0.04388083735909823 0.7466666666666667 0.08776167471819646 0.48533333333333334
0 0.11553945249597423 0.688 0.23107890499194847 0.3626666666666667
0 0.14251207729468598 0.6266666666666667 0.26247987117552335 0.2826666666666667
0 0.24476650563607086 0.5866666666666667 0.1642512077294686 0.21333333333333335
0 0.2713365539452496 0.5573333333333333 0.15619967793880837 0.22933333333333333
1 0.428341384863124 0.5386666666666666 0.014492753623188406 0.10666666666666667
0 0.9045893719806763 0.728 0.1892109500805153 0.5173333333333333
0 0.8691626409017713 0.6786666666666666 0.26006441223832527 0.3546666666666667
0 0.7753623188405797 0.6306666666666667 0.1932367149758454 0.25333333333333335
0 0.7302737520128825 0.5986666666666667 0.13687600644122383 0.21066666666666667
0 0.6908212560386473 0.5826666666666667 0.1529790660225443 0.18933333333333333
0 0.6578099838969405 0.5706666666666667 0.13687600644122383 0.14933333333333335
0 0.642914653784219 0.5466666666666666 0.11030595813204509 0.16
0 0.35507246376811596 0.5386666666666666 0.09339774557165861 0.10133333333333333
0 0.37278582930756843 0.54 0.07890499194847021 0.09333333333333334
0 0.5261674718196457 0.5333333333333333 0.033011272141706925 0.08533333333333333
0 0.5116747181964574 0.5106666666666667 0.020128824476650563 0.056
0 0.4963768115942029 0.48 0.012077294685990338 0.048
