0 0.5044283413848631 0.5653333333333334 0.05233494363929147 0.16533333333333333
0 0.8091787439613527 0.6773333333333333 0.21256038647342995 0.45866666666666667
0 0.6272141706924316 0.5586666666666666 0.09500805152979067 0.168
0 0.5861513687600645 0.536 0.07890499194847021 0.112
0 0.28421900161030594 0.5906666666666667 0.09822866344605476 0.19466666666666665
0 0.39573268921095006 0.5306666666666666 0.04589371980676329 0.096
0 0.16867954911433172 0.6026666666666667 0.13123993558776167 0.176
0 0.2471819645732689 0.5546666666666666 0.07407407407407407 0.14933333333333335
0 0.4533011272141707 0.508 0.028985507246376812 0.056
0 0.3309178743961353 0.5306666666666666 0.05152979066022544 0.09066666666666667
0 0.39533011272141705 0.5173333333333333 0.04186795491143317 0.058666666666666666
0 0.033011272141706925 0.592 0.06602254428341385 0.17066666666666666
0 0.051932367149758456 0.5493333333333333 0.10386473429951691 0.112
0 0.5193236714975845 0.5 0.017713365539452495 0.050666666666666665
0 0.5454911433172303 0.48933333333333334 0.020128824476650563 0.04
0 0.25684380032206117 0.5293333333333333 0.06280193236714976 0.088
