0 0.5132850241545893 0.5626666666666666 0.06521739130434782 0.176
0 0.25644122383252815 0.5186666666666667 0.06843800322061191 0.11466666666666667
1 0.6904186795491143 0.5386666666666666 0.07004830917874397 0.17066666666666666
0 0.5636070853462157 0.49066666666666664 0.04669887278582931 0.16
2 0.4029790660225443 0.516 0.015297906602254429 0.17333333333333334
0 0.3321256038647343 0.48933333333333334 0.03784219001610306 0.08266666666666667
0 0.39371980676328505 0.516 0.07246376811594203 0.10933333333333334
0 0.4134460547504026 0.5093333333333333 0.06682769726247988 0.08
0 0.42995169082125606 0.49333333333333335 0.0499194847020934 0.06933333333333333
0 0.4468599033816425 0.48 0.037037037037037035 0.048
0 0.48470209339774556 0.516 0.03542673107890499 0.10933333333333334
0 0.3103864734299517 0.496 0.039452495974235106 0.064
