0 0.6292270531400966 0.488 0.11352657004830918 0.13333333333333333
0 0.9468599033816425 0.4266666666666667 0.10466988727858294 0.10666666666666667
0 0.9826892109500805 0.42 0.033011272141706925 0.12533333333333332
0 0.8321256038647343 0.428 0.0748792270531401 0.07733333333333334
0 0.8168276972624798 0.43066666666666664 0.07326892109500806 0.072
0 0.4243156199677939 0.512 0.033816425120772944 0.09066666666666667
0 0.4774557165861514 0.4826666666666667 0.02254428341384863 0.058666666666666666
0 0.7181964573268921 0.43466666666666665 0.033816425120772944 0.06933333333333333
0 0.7455716586151369 0.43466666666666665 0.037037037037037035 0.064
0 0.5438808373590982 0.4706666666666667 0.0249597423510467 0.056
