0 0.4915458937198068 0.5026666666666667 0.023349436392914653 0.072
0 0.6968599033816425 0.684 0.18760064412238325 0.4026666666666667
0 0.05314009661835749 0.6586666666666666 0.10628019323671498 0.22933333333333333
0 0.6243961352657005 0.5946666666666667 0.09903381642512077 0.24533333333333332
2 0.5893719806763285 0.508 0.01288244766505636 0.12
0 0.5563607085346216 0.524 0.04508856682769726 0.11466666666666667
0 0.5277777777777778 0.49333333333333335 0.021739130434782608 0.06933333333333333
0 0.34299516908212563 0.5466666666666666 0.04830917874396135 0.096
0 0.36513687600644124 0.5333333333333333 0.039452495974235106 0.09066666666666667
0 0.38727858293075684 0.516 0.0322061191626409 0.072
