2 0.5641339869281046 0.4756756756756757 0.015522875816993464 0.15135135135135136
2 0.23815359477124182 0.5297297297297298 0.031862745098039214 0.32432432432432434
2 0.5584150326797386 0.5878378378378378 0.05473856209150327 0.4027027027027027
2 0.6168300653594772 0.5635135135135135 0.04738562091503268 0.4189189189189189
2 0.5122549019607843 0.5256756756756756 0.03104575163398693 0.2945945945945946
2 0.48447712418300654 0.5324324324324324 0.032679738562091505 0.3027027027027027
2 0.565359477124183 0.518918918918919 0.049019607843137254 0.2702702702702703
2 0.5996732026143791 0.5121621621621621 0.024509803921568627 0.25675675675675674
2 0.985702614379085 0.6297297297297297 0.02696078431372549 0.21081081081081082
2 0.3954248366013072 0.5310810810810811 0.027777777777777776 0.3
2 0.40808823529411764 0.5256756756756756 0.02042483660130719 0.25135135135135134
2 0.4383169934640523 0.5108108108108108 0.02696078431372549 0.2810810810810811
2 0.46772875816993464 0.5297297297297298 0.015522875816993464 0.23243243243243245
2 0.4497549019607843 0.5094594594594595 0.022058823529411766 0.24594594594594596
2 0.3790849673202614 0.48783783783783785 0.017973856209150325 0.1972972972972973
2 0.43504901960784315 0.4837837837837838 0.015522875816993464 0.1783783783783784
0 0.1090686274509804 0.49864864864864866 0.2181372549019608 0.9972972972972973
