0 0.10748792270531402 0.6293333333333333 0.20048309178743962 0.23466666666666666
0 0.22181964573268922 0.5733333333333334 0.13123993558776167 0.176
0 0.2584541062801932 0.5506666666666666 0.1143317230273752 0.152
0 0.28019323671497587 0.5453333333333333 0.10789049919484701 0.12533333333333332
0 0.30636070853462155 0.528 0.09903381642512077 0.128
0 0.3276972624798712 0.5306666666666666 0.07890499194847021 0.10133333333333333
0 0.34782608695652173 0.5186666666666667 0.057971014492753624 0.088
0 0.36513687600644124 0.5186666666666667 0.06038647342995169 0.072
0 0.3743961352657005 0.5013333333333333 0.05314009661835749 0.08
0 0.3860708534621578 0.5026666666666667 0.05233494363929147 0.072
0 0.39371980676328505 0.49866666666666665 0.0499194847020934 0.064
