0 0.6280193236714976 0.6306666666666667 0.12077294685990338 0.25333333333333335
0 0.11312399355877617 0.6986666666666667 0.22624798711755234 0.3626666666666667
0 0.15579710144927536 0.6413333333333333 0.23107890499194847 0.2853333333333333
0 0.19363929146537842 0.6213333333333333 0.20048309178743962 0.22933333333333333
0 0.24758454106280192 0.5946666666666667 0.16022544283413848 0.19733333333333333
0 0.5547504025764896 0.5573333333333333 0.061191626409017714 0.13866666666666666
0 0.35466988727858295 0.548 0.10064412238325282 0.11466666666666667
0 0.5370370370370371 0.5266666666666666 0.037037037037037035 0.08266666666666667
0 0.35466988727858295 0.5386666666666666 0.07971014492753623 0.10666666666666667
0 0.36191626409017713 0.5186666666666667 0.06682769726247988 0.10933333333333334
0 0.5185185185185185 0.49866666666666665 0.02254428341384863 0.06933333333333333
