0 0.05636070853462158 0.744 0.11272141706924316 0.5066666666666667
0 0.5281803542673108 0.5213333333333333 0.030595813204508857 0.072
0 0.37278582930756843 0.5266666666666666 0.0853462157809984 0.104
0 0.6380837359098228 0.552 0.10869565217391304 0.13333333333333333
0 0.2785829307568438 0.5586666666666666 0.1529790660225443 0.20533333333333334
0 0.2576489533011272 0.584 0.1819645732689211 0.20266666666666666
0 0.23148148148148148 0.6146666666666667 0.20209339774557167 0.24266666666666667
0 0.15499194847020933 0.6413333333333333 0.23268921095008052 0.2906666666666667
0 0.12238325281803543 0.7026666666666667 0.24476650563607086 0.408
0 0.7725442834138486 0.6106666666666667 0.18438003220611915 0.24533333333333332
0 0.8365539452495975 0.6466666666666666 0.2286634460547504 0.27466666666666667
