0 0.8442028985507246 0.696 0.30998389694041867 0.6026666666666667
0 0.6956521739130435 0.6426666666666667 0.20128824476650564 0.5013333333333333
0 0.6191626409017713 0.5826666666666667 0.09178743961352658 0.24266666666666667
2 0.5644122383252818 0.5026666666666667 0.01288244766505636 0.13066666666666665
2 0.5628019323671497 0.5053333333333333 0.011272141706924315 0.12533333333333332
0 0.4327697262479871 0.5093333333333333 0.02818035426731079 0.09066666666666667
2 0.5060386473429952 0.496 0.007246376811594203 0.07466666666666667
0 0.33373590982286633 0.584 0.07971014492753623 0.176
0 0.09702093397745572 0.7613333333333333 0.19404186795491143 0.472
0 0.21900161030595813 0.6613333333333333 0.17552334943639292 0.3413333333333333
2 0.36594202898550726 0.528 0.008856682769726247 0.09066666666666667
