0 0.8635265700483091 0.7266666666666667 0.2713365539452496 0.5413333333333333
0 0.6992753623188406 0.6573333333333333 0.19887278582930756 0.504
0 0.6167471819645732 0.56 0.1111111111111111 0.304
0 0.5833333333333334 0.5413333333333333 0.061996779388083734 0.176
2 0.5402576489533011 0.4866666666666667 0.01288244766505636 0.10933333333333334
2 0.5466988727858293 0.49066666666666664 0.011272141706924315 0.10666666666666667
0 0.4384057971014493 0.492 0.0249597423510467 0.08266666666666667
2 0.49516908212560384 0.4826666666666667 0.00644122383252818 0.06933333333333333
0 0.36513687600644124 0.548 0.05877616747181964 0.136
0 0.0821256038647343 0.764 0.1642512077294686 0.4666666666666667
0 0.2000805152979066 0.688 0.20048309178743962 0.368
0 0.30112721417069244 0.5893333333333334 0.10628019323671498 0.224
