0 0.5024154589371981 0.548 0.057971014492753624 0.184
0 0.8852657004830918 0.7 0.2278582930756844 0.5946666666666667
0 0.6763285024154589 0.5346666666666666 0.16264090177133655 0.312
0 0.6090982286634461 0.52 0.10064412238325282 0.14933333333333335
0 0.5640096618357487 0.48533333333333334 0.05877616747181964 0.08
0 0.5475040257648953 0.48133333333333334 0.040257648953301126 0.06133333333333333
0 0.16626409017713364 0.5546666666666666 0.1247987117552335 0.18666666666666668
0 0.3031400966183575 0.484 0.11191626409017713 0.2853333333333333
0 0.249597423510467 0.536 0.07568438003220612 0.13333333333333333
0 0.30152979066022545 0.5253333333333333 0.05233494363929147 0.08533333333333333
0 0.3695652173913043 0.49466666666666664 0.033816425120772944 0.06133333333333333
0 0.38446054750402575 0.484 0.0249597423510467 0.06666666666666667
0 0.4082125603864734 0.48 0.024154589371980676 0.048
0 0.893317230273752 0.5293333333333333 0.11030595813204509 0.09333333333333334
0 0.18075684380032206 0.532 0.06038647342995169 0.10933333333333334
