0 0.5108695652173914 0.5746666666666667 0.05555555555555555 0.17866666666666667
0 0.6843800322061192 0.5813333333333334 0.14170692431561996 0.24
0 0.6030595813204509 0.5413333333333333 0.07568438003220612 0.128
0 0.5736714975845411 0.528 0.06521739130434782 0.09066666666666667
0 0.2556360708534622 0.612 0.11191626409017713 0.2
0 0.4001610305958132 0.536 0.040257648953301126 0.096
0 0.44605475040257647 0.5146666666666667 0.027375201288244767 0.064
0 0.25201288244766507 0.576 0.0853462157809984 0.128
0 0.30112721417069244 0.5426666666666666 0.05475040257648953 0.12
0 0.48429951690821255 0.5026666666666667 0.021739130434782608 0.04
0 0.357085346215781 0.532 0.04106280193236715 0.07733333333333334
0 0.41304347826086957 0.5186666666666667 0.037037037037037035 0.056
0 0.12640901771336555 0.5653333333333334 0.09178743961352658 0.13333333333333333
0 0.13043478260869565 0.54 0.09017713365539452 0.09333333333333334
0 0.5297906602254429 0.49866666666666665 0.020933977455716585 0.042666666666666665
