0 0.500402576489533 0.5306666666666666 0.04589371980676329 0.144
0 0.7544283413848631 0.644 0.20128824476650564 0.376
0 0.6892109500805152 0.5826666666666667 0.1497584541062802 0.25333333333333335
0 0.6594202898550725 0.5373333333333333 0.11755233494363929 0.20533333333333334
0 0.5986312399355878 0.5013333333333333 0.10064412238325282 0.17066666666666666
0 0.572463768115942 0.5053333333333333 0.07246376811594203 0.09866666666666667
0 0.5466988727858293 0.4866666666666667 0.04669887278582931 0.06133333333333333
0 0.27616747181964574 0.5253333333333333 0.06602254428341385 0.11733333333333333
0 0.4110305958132045 0.4693333333333333 0.039452495974235106 0.11733333333333333
0 0.31602254428341386 0.516 0.04750402576489533 0.09333333333333334
0 0.3474235104669887 0.512 0.036231884057971016 0.064
0 0.39170692431562 0.492 0.02818035426731079 0.050666666666666665
0 0.2604669887278583 0.5133333333333333 0.039452495974235106 0.07733333333333334
0 0.005636070853462158 0.5226666666666666 0.011272141706924315 0.09066666666666667
