0 0.10265700483091787 0.7533333333333333 0.20531400966183574 0.472
0 0.1247987117552335 0.6773333333333333 0.249597423510467 0.30933333333333335
0 0.1956521739130435 0.6226666666666667 0.18840579710144928 0.25866666666666666
0 0.677938808373591 0.664 0.1723027375201288 0.35733333333333334
0 0.3393719806763285 0.548 0.11191626409017713 0.14133333333333334
0 0.5700483091787439 0.5266666666666666 0.04508856682769726 0.12
0 0.3643317230273752 0.528 0.09098228663446055 0.10133333333333333
0 0.38687600644122383 0.5146666666666667 0.06682769726247988 0.08533333333333333
0 0.5619967793880838 0.5133333333333333 0.03864734299516908 0.10933333333333334
0 0.5314009661835749 0.46266666666666667 0.017713365539452495 0.06666666666666667
