0 0.9565217391304348 0.6813333333333333 0.0853462157809984 0.5573333333333333
0 0.13285024154589373 0.764 0.26570048309178745 0.4666666666666667
0 0.3252818035426731 0.6706666666666666 0.13848631239935588 0.30666666666666664
0 0.3832528180354267 0.6013333333333334 0.09178743961352658 0.20533333333333334
0 0.6139291465378421 0.5866666666666667 0.0748792270531401 0.224
0 0.8973429951690821 0.6066666666666667 0.2037037037037037 0.392
0 0.4227053140096618 0.5386666666666666 0.04669887278582931 0.13333333333333333
0 0.4307568438003221 0.5346666666666666 0.05152979066022544 0.09866666666666667
0 0.3997584541062802 0.48533333333333334 0.050724637681159424 0.058666666666666666
0 0.6227858293075684 0.5493333333333333 0.071658615136876 0.16
0 0.6606280193236715 0.524 0.07326892109500806 0.14133333333333334
0 0.8248792270531401 0.49466666666666664 0.08132045088566828 0.11466666666666667
0 0.7781803542673108 0.4746666666666667 0.06843800322061191 0.07466666666666667
