0 0.8671497584541062 0.7293333333333333 0.2640901771336554 0.536
0 0.04830917874396135 0.696 0.0966183574879227 0.6026666666666667
0 0.0966183574879227 0.6773333333333333 0.1932367149758454 0.336
0 0.2000805152979066 0.6293333333333333 0.21014492753623187 0.256
0 0.2608695652173913 0.6 0.17552334943639292 0.22933333333333333
0 0.2830112721417069 0.5773333333333334 0.12962962962962962 0.20533333333333334
0 0.3023349436392915 0.5613333333333334 0.15056360708534622 0.17866666666666667
0 0.3059581320450886 0.5506666666666666 0.10305958132045089 0.152
0 0.3385668276972625 0.5413333333333333 0.10064412238325282 0.128
0 0.3695652173913043 0.5266666666666666 0.07890499194847021 0.10933333333333334
0 0.37681159420289856 0.5053333333333333 0.0821256038647343 0.12533333333333332
1 0.4617552334943639 0.5 0.007246376811594203 0.06133333333333333
0 0.5962157809983897 0.5853333333333334 0.07326892109500806 0.184
0 0.6662640901771336 0.5413333333333333 0.11835748792270531 0.16
0 0.5901771336553945 0.5066666666666667 0.0644122383252818 0.096
0 0.5233494363929146 0.508 0.02254428341384863 0.056
