0 0.3667471819645733 0.6173333333333333 0.13123993558776167 0.30666666666666664
0 0.6968599033816425 0.6786666666666666 0.19887278582930756 0.47733333333333333
0 0.41505636070853463 0.564 0.09581320450885668 0.19466666666666665
0 0.5664251207729468 0.516 0.039452495974235106 0.104
0 0.6227858293075684 0.5773333333333334 0.09581320450885668 0.22666666666666666
2 0.37318840579710144 0.524 0.015297906602254429 0.19466666666666665
2 0.37962962962962965 0.5213333333333333 0.008856682769726247 0.16266666666666665
0 0.4774557165861514 0.488 0.024154589371980676 0.07466666666666667
0 0.5527375201288245 0.488 0.02818035426731079 0.07466666666666667
2 0.3864734299516908 0.5253333333333333 0.011272141706924315 0.16533333333333333
