0 0.10950080515297907 0.7186666666666667 0.21900161030595813 0.4613333333333333
0 0.1288244766505636 0.6506666666666666 0.2431561996779388 0.3626666666666667
0 0.18800322061191627 0.6146666666666667 0.250402576489533 0.2906666666666667
0 0.21980676328502416 0.5813333333333334 0.1610305958132045 0.224
0 0.2745571658615137 0.5786666666666667 0.14814814814814814 0.18666666666666668
0 0.2882447665056361 0.5626666666666666 0.14653784219001612 0.16533333333333333
0 0.32971014492753625 0.5293333333333333 0.10386473429951691 0.14133333333333334
0 0.3442028985507246 0.5173333333333333 0.10547504025764895 0.16
1 0.45088566827697263 0.5133333333333333 0.00966183574879227 0.07733333333333334
0 0.6747181964573269 0.6826666666666666 0.1529790660225443 0.3466666666666667
0 0.7459742351046699 0.5786666666666667 0.18438003220611915 0.23466666666666666
0 0.6686795491143317 0.5586666666666666 0.11030595813204509 0.152
0 0.6159420289855072 0.5333333333333333 0.0966183574879227 0.10666666666666667
0 0.6099033816425121 0.5213333333333333 0.08132045088566828 0.12
0 0.38808373590982287 0.5173333333333333 0.07246376811594203 0.08
0 0.40177133655394526 0.5173333333333333 0.06280193236714976 0.07466666666666667
0 0.5253623188405797 0.5106666666666667 0.026570048309178744 0.06666666666666667
