0 0.49476650563607083 0.5493333333333333 0.0426731078904992 0.11733333333333333
0 0.2689210950080515 0.6213333333333333 0.16747181964573268 0.26666666666666666
0 0.31602254428341386 0.584 0.12640901771336555 0.21333333333333335
0 0.36272141706924316 0.5493333333333333 0.09098228663446055 0.13333333333333333
0 0.39331723027375204 0.49333333333333335 0.10064412238325282 0.18666666666666668
2 0.6537842190016103 0.5866666666666667 0.03542673107890499 0.24
0 0.9194847020933977 0.6253333333333333 0.15942028985507245 0.32266666666666666
0 0.5261674718196457 0.49333333333333335 0.0249597423510467 0.08
0 0.49114331723027377 0.5146666666666667 0.027375201288244767 0.08
0 0.41586151368760066 0.5093333333333333 0.07326892109500806 0.10666666666666667
0 0.10426731078904992 0.5293333333333333 0.11996779388083736 0.15733333333333333
0 0.18438003220611915 0.5266666666666666 0.07085346215780998 0.09333333333333334
2 0.20974235104669886 0.5 0.013687600644122383 0.11466666666666667
2 0.249597423510467 0.5 0.00966183574879227 0.07733333333333334
0 0.3196457326892109 0.484 0.05475040257648953 0.12533333333333332
