0 0.13083735909822866 0.7546666666666667 0.2616747181964573 0.48533333333333334
0 0.9066022544283414 0.7506666666666667 0.18518518518518517 0.49333333333333335
0 0.9734299516908212 0.49333333333333335 0.05152979066022544 0.352
0 0.9009661835748792 0.5226666666666666 0.1964573268921095 0.4106666666666667
0 0.2753623188405797 0.664 0.1529790660225443 0.3253333333333333
0 0.34903381642512077 0.592 0.09903381642512077 0.208
0 0.8107890499194848 0.5093333333333333 0.09500805152979067 0.176
0 0.7298711755233495 0.52 0.0861513687600644 0.144
0 0.6944444444444444 0.5106666666666667 0.07326892109500806 0.13066666666666665
0 0.6803542673107891 0.5133333333333333 0.07407407407407407 0.11466666666666667
0 0.6626409017713365 0.5013333333333333 0.07246376811594203 0.10666666666666667
0 0.5660225442834138 0.5506666666666666 0.05636070853462158 0.14666666666666667
0 0.4138486312399356 0.5373333333333333 0.05152979066022544 0.12
0 0.42995169082125606 0.5066666666666667 0.043478260869565216 0.12266666666666666
0 0.6026570048309179 0.49066666666666664 0.05555555555555555 0.08
0 0.5120772946859904 0.45866666666666667 0.040257648953301126 0.13866666666666666
