0 0.13808373590982287 0.7733333333333333 0.27616747181964574 0.448
0 0.3272946859903382 0.568 0.17149758454106281 0.512
0 0.8132045088566827 0.664 0.3719806763285024 0.448
0 0.08856682769726248 0.7773333333333333 0.17713365539452497 0.44
0 0.6159420289855072 0.5493333333333333 0.1642512077294686 0.224
0 0.4174718196457327 0.528 0.071658615136876 0.20266666666666666
0 0.20652173913043478 0.6653333333333333 0.15539452495974235 0.296
0 0.533011272141707 0.516 0.033816425120772944 0.09866666666666667
0 0.5193236714975845 0.508 0.030595813204508857 0.09333333333333334
2 0.47061191626409016 0.484 0.007246376811594203 0.056
2 0.47383252818035426 0.4866666666666667 0.005636070853462158 0.056
0 0.4464573268921095 0.4866666666666667 0.013687600644122383 0.050666666666666665
