0 0.06642512077294686 0.6346666666666667 0.13285024154589373 0.4106666666666667
0 0.16344605475040258 0.6186666666666667 0.2914653784219002 0.304
0 0.20249597423510468 0.4826666666666667 0.29549114331723025 0.45866666666666667
0 0.6827697262479872 0.6893333333333334 0.18840579710144928 0.38666666666666666
0 0.7588566827697263 0.584 0.16183574879227053 0.208
0 0.6900161030595813 0.5573333333333333 0.15780998389694043 0.16533333333333333
0 0.30917874396135264 0.532 0.13043478260869565 0.152
0 0.5201288244766505 0.492 0.020933977455716585 0.050666666666666665
0 0.4138486312399356 0.4866666666666667 0.05636070853462158 0.06666666666666667
0 0.5825281803542673 0.5066666666666667 0.06360708534621579 0.08
0 0.37318840579710144 0.516 0.08776167471819646 0.10933333333333334
0 0.6252012882447665 0.516 0.07971014492753623 0.10933333333333334
