2 0.5686274509803921 0.47702702702702704 0.014705882352941176 0.15405405405405406
2 0.23897058823529413 0.5297297297297298 0.031862745098039214 0.32432432432432434
2 0.7753267973856209 0.6918918918918919 0.08169934640522876 0.6108108108108108
2 0.7573529411764706 0.6297297297297297 0.06535947712418301 0.5243243243243243
2 0.6866830065359477 0.6716216216216216 0.11519607843137254 0.6027027027027027
2 0.7066993464052288 0.6891891891891891 0.0784313725490196 0.6162162162162163
2 0.4783496732026144 0.5108108108108108 0.031862745098039214 0.2594594594594595
2 0.5081699346405228 0.49594594594594593 0.032679738562091505 0.26756756756756755
2 0.47263071895424835 0.4905405405405405 0.02696078431372549 0.22432432432432434
2 0.4452614379084967 0.49864864864864866 0.029411764705882353 0.22972972972972974
2 0.4991830065359477 0.4851351351351351 0.027777777777777776 0.1864864864864865
2 0.3713235294117647 0.49864864864864866 0.02042483660130719 0.23513513513513515
2 0.39215686274509803 0.4972972972972973 0.017973856209150325 0.2
2 0.4084967320261438 0.48243243243243245 0.021241830065359478 0.22432432432432434
2 0.43300653594771243 0.504054054054054 0.017973856209150325 0.1864864864864865
0 0.1090686274509804 0.49864864864864866 0.2181372549019608 0.9972972972972973
