0 0.6574074074074074 0.5093333333333333 0.14412238325281804 0.17066666666666666
0 0.9826892109500805 0.41733333333333333 0.033011272141706925 0.12533333333333332
0 0.8719806763285024 0.428 0.08695652173913043 0.088
0 0.8494363929146538 0.436 0.08373590982286634 0.08266666666666667
0 0.4025764895330113 0.52 0.040257648953301126 0.10666666666666667
0 0.4617552334943639 0.49466666666666664 0.02818035426731079 0.07733333333333334
0 0.6521739130434783 0.4573333333333333 0.07729468599033816 0.09866666666666667
0 0.7318840579710145 0.43733333333333335 0.03864734299516908 0.07466666666666667
0 0.7624798711755234 0.43333333333333335 0.04186795491143317 0.06666666666666667
0 0.5406602254428341 0.48 0.02818035426731079 0.064
