0 0.604754230459307 0.589095744680851 0.0862207896857373 0.19414893617021275
0 0.048751007252215955 0.7845744680851063 0.09750201450443191 0.425531914893617
0 0.3211120064464142 0.6077127659574468 0.1200644641418211 0.26861702127659576
0 0.5338436744560838 0.5093085106382979 0.033037872683319904 0.08244680851063829
0 0.13738920225624496 0.6117021276595744 0.1635777598710717 0.24468085106382978
0 0.38033843674456086 0.5545212765957447 0.06768734891216761 0.15159574468085107
0 0.28646253021756646 0.5558510638297872 0.07010475423045931 0.1276595744680851
0 0.3380338436744561 0.5319148936170213 0.0443190975020145 0.09042553191489362
0 0.3646253021756648 0.5013297872340425 0.031426269137792104 0.08776595744680851
0 0.4290894439967768 0.5079787234042553 0.0265914585012087 0.06382978723404255
0 0.3896051571313457 0.4933510638297872 0.029814665592264304 0.07180851063829788
0 0.48348106365834004 0.5 0.020950846091861403 0.06382978723404255
0 0.5052377115229654 0.49069148936170215 0.011281224818694601 0.0398936170212766
