0 0.9947665056360708 0.544 0.008856682769726247 0.464
0 0.1324476650563607 0.7573333333333333 0.2648953301127214 0.48
0 0.2826086956521739 0.6506666666666666 0.16586151368760063 0.31466666666666665
0 0.9086151368760065 0.5106666666666667 0.11835748792270531 0.23733333333333334
0 0.7975040257648953 0.5266666666666666 0.107085346215781 0.18933333333333333
0 0.7419484702093397 0.5173333333333333 0.0893719806763285 0.16533333333333333
0 0.7194041867954911 0.5133333333333333 0.0893719806763285 0.14133333333333334
0 0.6948470209339774 0.508 0.0853462157809984 0.13066666666666665
0 0.678743961352657 0.508 0.0853462157809984 0.10933333333333334
0 0.5853462157809984 0.56 0.07246376811594203 0.192
0 0.5648148148148148 0.5426666666666666 0.04911433172302738 0.12
0 0.39533011272141705 0.5426666666666666 0.0644122383252818 0.14666666666666667
0 0.4170692431561997 0.512 0.05314009661835749 0.14933333333333335
0 0.6151368760064412 0.4866666666666667 0.06280193236714976 0.09333333333333334
0 0.5124798711755234 0.45066666666666666 0.04428341384863124 0.14933333333333335
