2 0.5588235294117647 0.46756756756756757 0.014705882352941176 0.15135135135135136
2 0.22508169934640523 0.5337837837837838 0.031862745098039214 0.327027027027027
2 0.8080065359477124 0.6810810810810811 0.17973856209150327 0.6324324324324324
2 0.8901143790849673 0.6554054054054054 0.190359477124183 0.6837837837837838
2 0.6376633986928104 0.6094594594594595 0.06290849673202614 0.44594594594594594
2 0.5780228758169934 0.6067567567567568 0.04656862745098039 0.43513513513513513
2 0.7091503267973857 0.6013513513513513 0.05392156862745098 0.44594594594594594
2 0.7663398692810458 0.6054054054054054 0.04411764705882353 0.42702702702702705
2 0.7961601307189542 0.5513513513513514 0.035130718954248366 0.21081081081081082
2 0.4207516339869281 0.595945945945946 0.0392156862745098 0.4189189189189189
2 0.4477124183006536 0.5891891891891892 0.024509803921568627 0.35135135135135137
2 0.4812091503267974 0.5675675675675675 0.03594771241830065 0.3837837837837838
2 0.5171568627450981 0.5851351351351352 0.027777777777777776 0.3162162162162162
2 0.5318627450980392 0.5527027027027027 0.03104575163398693 0.33783783783783783
2 0.4019607843137255 0.5081081081081081 0.024509803921568627 0.24864864864864866
2 0.46772875816993464 0.5094594594594595 0.022058823529411766 0.22972972972972974
2 0.4963235294117647 0.5054054054054054 0.02369281045751634 0.24864864864864866
2 0.5412581699346405 0.49864864864864866 0.03349673202614379 0.23513513513513515
0 0.1090686274509804 0.49864864864864866 0.2181372549019608 0.9972972972972973
