0 0.9255233494363929 0.8293333333333334 0.1473429951690821 0.336
0 0.38808373590982287 0.6106666666666667 0.09178743961352658 0.24533333333333332
0 0.7455716586151369 0.7813333333333333 0.2286634460547504 0.432
0 0.6195652173913043 0.6506666666666666 0.10225442834138486 0.2826666666666667
0 0.57085346215781 0.5986666666666667 0.06924315619967794 0.184
0 0.41545893719806765 0.5933333333333334 0.05636070853462158 0.168
0 0.5515297906602254 0.564 0.0499194847020934 0.13066666666666665
0 0.533816425120773 0.548 0.03864734299516908 0.104
0 0.44806763285024154 0.5346666666666666 0.02818035426731079 0.07733333333333334
0 0.4601449275362319 0.52 0.0249597423510467 0.08533333333333333
0 0.47061191626409016 0.5186666666666667 0.023349436392914653 0.072
