0 0.9512882447665056 0.5373333333333333 0.09581320450885668 0.44533333333333336
0 0.17149758454106281 0.7506666666666667 0.26247987117552335 0.49333333333333335
0 0.30958132045088566 0.6213333333333333 0.1360708534621578 0.26666666666666666
0 0.8679549114331723 0.5066666666666667 0.10950080515297907 0.21333333333333335
0 0.7701288244766505 0.5173333333333333 0.09903381642512077 0.17066666666666666
0 0.7222222222222222 0.5133333333333333 0.08373590982286634 0.152
0 0.7024959742351047 0.512 0.08293075684380032 0.128
0 0.6819645732689211 0.49866666666666665 0.08051529790660225 0.12266666666666666
0 0.5768921095008052 0.5506666666666666 0.06521739130434782 0.17333333333333334
0 0.5595813204508857 0.5386666666666666 0.04508856682769726 0.112
0 0.40096618357487923 0.5333333333333333 0.05958132045088567 0.13866666666666666
0 0.42069243156199676 0.504 0.04911433172302738 0.13866666666666666
0 0.6082930756843801 0.484 0.06038647342995169 0.088
0 0.5108695652173914 0.4493333333333333 0.0426731078904992 0.14666666666666667
