0 0.49597423510466987 0.5253333333333333 0.033816425120772944 0.10666666666666667
0 0.07971014492753623 0.616 0.15942028985507245 0.24533333333333332
0 0.7387278582930756 0.616 0.16988727858293076 0.33066666666666666
0 0.6888083735909822 0.5773333333333334 0.1473429951690821 0.23733333333333334
0 0.6280193236714976 0.56 0.11594202898550725 0.176
0 0.6030595813204509 0.536 0.09822866344605476 0.16
0 0.5950080515297906 0.5293333333333333 0.09017713365539452 0.12533333333333332
0 0.5805152979066023 0.5186666666666667 0.08051529790660225 0.12
0 0.4327697262479871 0.5013333333333333 0.016908212560386472 0.042666666666666665
0 0.539049919484702 0.49333333333333335 0.0426731078904992 0.05333333333333334
0 0.5301932367149759 0.484 0.03784219001610306 0.056
0 0.4057971014492754 0.49466666666666664 0.01932367149758454 0.04533333333333334
