0 0.501610305958132 0.5626666666666666 0.05314009661835749 0.144
0 0.8530595813204509 0.5973333333333334 0.2922705314009662 0.8
0 0.04468599033816425 0.5626666666666666 0.0893719806763285 0.272
0 0.14049919484702095 0.7293333333333333 0.2359098228663446 0.536
0 0.24194847020933977 0.64 0.18760064412238325 0.304
0 0.3031400966183575 0.604 0.16183574879227053 0.22666666666666666
0 0.3784219001610306 0.552 0.09178743961352658 0.14933333333333335
0 0.4243156199677939 0.5133333333333333 0.061191626409017714 0.08266666666666667
0 0.6396940418679549 0.6013333333333334 0.09581320450885668 0.19466666666666665
0 0.5958132045088567 0.54 0.06280193236714976 0.152
2 0.5599838969404187 0.5373333333333333 0.016908212560386472 0.12533333333333332
0 0.49798711755233493 0.5213333333333333 0.03140096618357488 0.09333333333333334
0 0.1710950080515298 0.5173333333333333 0.09259259259259259 0.11733333333333333
0 0.6678743961352657 0.484 0.07326892109500806 0.09866666666666667
