0 0.4971819645732689 0.5306666666666666 0.0426731078904992 0.11733333333333333
0 0.19847020933977455 0.6426666666666667 0.15056360708534622 0.2826666666666667
0 0.26207729468599034 0.5866666666666667 0.1392914653784219 0.23466666666666666
0 0.32971014492753625 0.5453333333333333 0.09420289855072464 0.13066666666666665
0 0.42995169082125606 0.552 0.05314009661835749 0.128
0 0.4464573268921095 0.5306666666666666 0.0426731078904992 0.112
0 0.38486312399355876 0.5106666666666667 0.07407407407407407 0.09866666666666667
0 0.6264090177133655 0.6146666666666667 0.10628019323671498 0.24266666666666667
0 0.5897745571658615 0.444 0.09581320450885668 0.33866666666666667
2 0.6626409017713365 0.54 0.017713365539452495 0.2
0 0.5374396135265701 0.504 0.029790660225442835 0.08
0 0.5193236714975845 0.4493333333333333 0.030595813204508857 0.13066666666666665
0 0.49074074074074076 0.5066666666666667 0.02818035426731079 0.08533333333333333
0 0.1972624798711755 0.5226666666666666 0.06924315619967794 0.10133333333333333
