2 0.042270531400966184 0.5053333333333333 0.03140096618357488 0.14666666666666667
2 0.39814814814814814 0.48133333333333334 0.010466988727858293 0.09866666666666667
0 0.3756038647342995 0.4693333333333333 0.04428341384863124 0.112
0 0.4053945249597424 0.47333333333333333 0.04428341384863124 0.08266666666666667
0 0.44847020933977455 0.472 0.05152979066022544 0.07466666666666667
0 0.5660225442834138 0.4533333333333333 0.05152979066022544 0.09066666666666667
0 0.5877616747181964 0.4613333333333333 0.03864734299516908 0.064
0 0.6207729468599034 0.4573333333333333 0.04186795491143317 0.06666666666666667
0 0.6465378421900161 0.464 0.04830917874396135 0.05333333333333334
0 0.6694847020933977 0.464 0.036231884057971016 0.05333333333333334
0 0.6896135265700483 0.4653333333333333 0.039452495974235106 0.050666666666666665
0 0.710950080515298 0.4613333333333333 0.04669887278582931 0.05333333333333334
0 0.748389694041868 0.444 0.04911433172302738 0.072
0 0.7673107890499195 0.4533333333333333 0.04508856682769726 0.048
0 0.784621578099839 0.45466666666666666 0.039452495974235106 0.04533333333333334
