0 0.4782608695652174 0.5453333333333333 0.04669887278582931 0.12533333333333332
0 0.18800322061191627 0.7586666666666667 0.32286634460547503 0.47733333333333333
0 0.32689210950080516 0.6653333333333333 0.13687600644122383 0.30666666666666664
0 0.21698872785829307 0.6293333333333333 0.14090177133655393 0.24
0 0.32689210950080516 0.548 0.08695652173913043 0.12533333333333332
0 0.3470209339774557 0.5333333333333333 0.08051529790660225 0.12266666666666666
0 0.37278582930756843 0.5213333333333333 0.057971014492753624 0.08266666666666667
0 0.43719806763285024 0.5146666666666667 0.033816425120772944 0.08
0 0.3973429951690821 0.5013333333333333 0.05555555555555555 0.06933333333333333
0 0.750402576489533 0.7266666666666667 0.24798711755233493 0.5413333333333333
0 0.5434782608695652 0.5373333333333333 0.04669887278582931 0.11466666666666667
0 0.5366344605475041 0.448 0.05394524959742351 0.208
2 0.5897745571658615 0.504 0.008856682769726247 0.11733333333333333
0 0.13003220611916264 0.5493333333333333 0.09742351046698873 0.11733333333333333
0 0.4822866344605475 0.5133333333333333 0.028985507246376812 0.088
