0 0.18639291465378421 0.5213333333333333 0.37278582930756843 0.952
0 0.9162640901771336 0.7693333333333333 0.16586151368760063 0.456
0 0.6932367149758454 0.6053333333333333 0.2576489533011272 0.3413333333333333
0 0.392512077294686 0.5626666666666666 0.10869565217391304 0.2986666666666667
0 0.08977455716586151 0.768 0.17954911433172302 0.45866666666666667
2 0.8506441223832528 0.5226666666666666 0.023349436392914653 0.208
2 0.6002415458937198 0.5133333333333333 0.013687600644122383 0.13066666666666665
0 0.5483091787439613 0.536 0.04186795491143317 0.11733333333333333
0 0.53341384863124 0.5213333333333333 0.036231884057971016 0.10933333333333334
2 0.4810789049919485 0.492 0.007246376811594203 0.06133333333333333
2 0.4855072463768116 0.49333333333333335 0.00644122383252818 0.058666666666666666
0 0.44887278582930756 0.49333333333333335 0.015297906602254429 0.05333333333333334
