0 0.467767929089444 0.5199468085106383 0.033037872683319904 0.09840425531914894
0 0.12771958098307817 0.7473404255319149 0.25543916196615635 0.5
0 0.2832393231265109 0.648936170212766 0.13295729250604352 0.28191489361702127
0 0.09871071716357777 0.6436170212765957 0.19742143432715553 0.2765957446808511
0 0.05076551168412571 0.5957446808510638 0.10153102336825141 0.19148936170212766
0 0.21514907332796132 0.5718085106382979 0.09669621273166801 0.16489361702127658
0 0.3090249798549557 0.5026595744680851 0.07655116841257051 0.2074468085106383
0 0.18654311039484286 0.5531914893617021 0.08460918614020951 0.12234042553191489
0 0.33924254633360196 0.5252659574468085 0.041901692183722805 0.08776595744680851
0 0.43190975020145045 0.4574468085106383 0.0257856567284448 0.1276595744680851
0 0.2602739726027397 0.523936170212766 0.0499597099113618 0.09042553191489362
