0 0.45652173913043476 0.5386666666666666 0.03864734299516908 0.10133333333333333
0 0.1497584541062802 0.78 0.2995169082125604 0.43466666666666665
0 0.08856682769726248 0.7293333333333333 0.17713365539452497 0.4666666666666667
0 0.27938808373590984 0.5773333333333334 0.12238325281803543 0.15733333333333333
0 0.321256038647343 0.5546666666666666 0.09017713365539452 0.144
0 0.3607085346215781 0.5386666666666666 0.07729468599033816 0.10133333333333333
0 0.3828502415458937 0.5346666666666666 0.0571658615136876 0.088
0 0.394122383252818 0.5066666666666667 0.05877616747181964 0.096
0 0.605877616747182 0.6306666666666667 0.11191626409017713 0.2693333333333333
0 0.5748792270531401 0.5893333333333334 0.0644122383252818 0.176
0 0.5462962962962963 0.5573333333333333 0.0571658615136876 0.13866666666666666
0 0.5241545893719807 0.46 0.05636070853462158 0.24266666666666667
0 0.18438003220611915 0.5493333333333333 0.07246376811594203 0.10666666666666667
0 0.4669887278582931 0.5213333333333333 0.028985507246376812 0.08266666666666667
