0 0.4927536231884058 0.5373333333333333 0.04508856682769726 0.12
0 0.2246376811594203 0.6493333333333333 0.18035426731078905 0.31733333333333336
0 0.3007246376811594 0.5813333333333334 0.14895330112721417 0.288
0 0.3607085346215781 0.556 0.10789049919484701 0.14666666666666667
0 0.37077294685990336 0.5386666666666666 0.09420289855072464 0.128
0 0.3969404186795491 0.5133333333333333 0.06602254428341385 0.088
0 0.4142512077294686 0.508 0.0571658615136876 0.07733333333333334
0 0.6207729468599034 0.5293333333333333 0.11916264090177134 0.32266666666666666
0 0.5418679549114331 0.5066666666666667 0.027375201288244767 0.06933333333333333
0 0.5233494363929146 0.4746666666666667 0.02254428341384863 0.08
0 0.4883252818035427 0.5093333333333333 0.029790660225442835 0.08533333333333333
0 0.05756843800322061 0.652 0.11513687600644122 0.30133333333333334
0 0.07367149758454106 0.5533333333333333 0.14412238325281804 0.15733333333333333
0 0.2427536231884058 0.5106666666666667 0.09742351046698873 0.216
0 0.17310789049919484 0.5226666666666666 0.07890499194847021 0.128
