0 0.9742351046698873 0.776 0.0499194847020934 0.44266666666666665
0 0.7636876006441223 0.7306666666666667 0.2391304347826087 0.5013333333333333
0 0.17834138486312398 0.6933333333333334 0.17632850241545894 0.32
0 0.38405797101449274 0.544 0.037037037037037035 0.08533333333333333
0 0.5362318840579711 0.508 0.0322061191626409 0.08266666666666667
0 0.3993558776167472 0.532 0.0322061191626409 0.072
0 0.13083735909822866 0.5746666666666667 0.05877616747181964 0.07733333333333334
0 0.1642512077294686 0.568 0.05314009661835749 0.07466666666666667
0 0.1964573268921095 0.5626666666666666 0.05636070853462158 0.08
0 0.23389694041867956 0.5626666666666666 0.04911433172302738 0.08
