0 0.13325281803542674 0.7613333333333333 0.2665056360708535 0.472
0 0.9581320450885669 0.5586666666666666 0.0821256038647343 0.31733333333333336
0 0.8824476650563607 0.532 0.1320450885668277 0.25866666666666666
0 0.821658615136876 0.5226666666666666 0.12318840579710146 0.20266666666666666
0 0.7757648953301127 0.5106666666666667 0.11513687600644122 0.17866666666666667
0 0.7439613526570048 0.512 0.10950080515297907 0.13866666666666666
0 0.6549919484702094 0.6186666666666667 0.13285024154589373 0.32
0 0.6038647342995169 0.5666666666666667 0.07246376811594203 0.168
0 0.36513687600644124 0.5773333333333334 0.09903381642512077 0.216
0 0.40458937198067635 0.5266666666666666 0.07326892109500806 0.19466666666666665
0 0.6493558776167472 0.47733333333333333 0.07809983896940419 0.112
0 0.44122383252818037 0.5146666666666667 0.040257648953301126 0.10133333333333333
0 0.48027375201288247 0.48933333333333334 0.05233494363929147 0.06133333333333333
0 0.5245571658615137 0.44266666666666665 0.050724637681159424 0.176
