0 0.5241545893719807 0.6253333333333333 0.09339774557165861 0.2906666666666667
0 0.6332528180354268 0.54 0.10225442834138486 0.15733333333333333
0 0.5857487922705314 0.524 0.06038647342995169 0.09866666666666667
0 0.5660225442834138 0.5146666666666667 0.05475040257648953 0.07466666666666667
0 0.28180354267310787 0.592 0.08695652173913043 0.16533333333333333
0 0.0929951690821256 0.636 0.16505636070853463 0.21066666666666667
0 0.42995169082125606 0.512 0.028985507246376812 0.064
0 0.4714170692431562 0.49733333333333335 0.021739130434782608 0.050666666666666665
0 0.30958132045088566 0.544 0.06038647342995169 0.096
0 0.34057971014492755 0.524 0.04186795491143317 0.09866666666666667
0 0.3832528180354267 0.5133333333333333 0.03542673107890499 0.06666666666666667
0 0.428341384863124 0.5093333333333333 0.0322061191626409 0.048
0 0.214170692431562 0.5386666666666666 0.0644122383252818 0.10133333333333333
0 0.20330112721417068 0.5226666666666666 0.06843800322061191 0.07466666666666667
