0 0.49476650563607083 0.5266666666666666 0.036231884057971016 0.11466666666666667
0 0.8872785829307569 0.7413333333333333 0.22383252818035426 0.512
0 0.7753623188405797 0.66 0.22705314009661837 0.456
0 0.7045088566827697 0.6066666666666667 0.15136876006441224 0.2693333333333333
0 0.6557971014492754 0.568 0.1360708534621578 0.192
0 0.4142512077294686 0.5053333333333333 0.023349436392914653 0.050666666666666665
0 0.32608695652173914 0.5613333333333334 0.0644122383252818 0.13066666666666665
0 0.5877616747181964 0.5213333333333333 0.0853462157809984 0.11466666666666667
0 0.5619967793880838 0.5093333333333333 0.06602254428341385 0.08533333333333333
0 0.5410628019323671 0.48533333333333334 0.05152979066022544 0.08
0 0.36996779388083734 0.5013333333333333 0.029790660225442835 0.064
0 0.38405797101449274 0.49733333333333335 0.024154589371980676 0.056
0 0.3474235104669887 0.49866666666666665 0.018518518518518517 0.048
