0 0.539049919484702 0.7186666666666667 0.16183574879227053 0.504
0 0.961352657004831 0.7333333333333333 0.07568438003220612 0.528
0 0.6272141706924316 0.5253333333333333 0.09822866344605476 0.14933333333333335
0 0.5833333333333334 0.5093333333333333 0.05877616747181964 0.096
0 0.5644122383252818 0.5 0.05314009661835749 0.072
0 0.4392109500805153 0.49733333333333335 0.0249597423510467 0.056
0 0.11191626409017713 0.612 0.15136876006441224 0.19466666666666665
0 0.4863123993558776 0.4786666666666667 0.01932367149758454 0.04
0 0.3136070853462158 0.5293333333333333 0.05877616747181964 0.09333333333333334
0 0.3438003220611916 0.5093333333333333 0.040257648953301126 0.096
0 0.3852657004830918 0.49866666666666665 0.03462157809983897 0.064
0 0.42995169082125606 0.49333333333333335 0.030595813204508857 0.048
0 0.2210144927536232 0.5226666666666666 0.061996779388083734 0.096
0 0.21175523349436393 0.512 0.06602254428341385 0.06933333333333333
