0 0.5744766505636071 0.5573333333333333 0.06521739130434782 0.16533333333333333
0 0.09782608695652174 0.804 0.1956521739130435 0.38666666666666666
0 0.8603059581320451 0.5493333333333333 0.25201288244766507 0.23466666666666666
0 0.789049919484702 0.496 0.18679549114331723 0.24
0 0.3446054750402576 0.5586666666666666 0.061191626409017714 0.14133333333333334
0 0.22181964573268922 0.648 0.13446054750402575 0.24533333333333332
0 0.7024959742351047 0.5026666666666667 0.1280193236714976 0.14666666666666667
0 0.39009661835748793 0.532 0.03784219001610306 0.088
0 0.9444444444444444 0.45066666666666666 0.10950080515297907 0.12266666666666666
0 0.9037842190016103 0.44 0.11030595813204509 0.10133333333333333
0 0.9923510466988728 0.43066666666666664 0.013687600644122383 0.17333333333333334
