0 0.5813204508856683 0.5613333333333334 0.08051529790660225 0.2906666666666667
0 0.32648953301127215 0.6053333333333333 0.12640901771336555 0.208
0 0.22946859903381642 0.576 0.1497584541062802 0.2613333333333333
0 0.49114331723027377 0.532 0.05314009661835749 0.136
0 0.8454106280193237 0.5653333333333334 0.15136876006441224 0.224
0 0.6272141706924316 0.49066666666666664 0.037037037037037035 0.10666666666666667
0 0.6682769726247987 0.456 0.043478260869565216 0.13333333333333333
0 0.9255233494363929 0.5506666666666666 0.1473429951690821 0.24266666666666667
0 0.9790660225442834 0.56 0.040257648953301126 0.176
0 0.6171497584541062 0.43333333333333335 0.0426731078904992 0.18933333333333333
0 0.07930756843800323 0.6106666666666667 0.15861513687600645 0.192
0 0.018115942028985508 0.6013333333333334 0.036231884057971016 0.14133333333333334
