0 0.564867042707494 0.5465425531914894 0.0531829170024174 0.13031914893617022
0 0.5136986301369864 0.5013297872340425 0.021756647864625302 0.05585106382978723
0 0.14947622884770345 0.7539893617021277 0.2989524576954069 0.4867021276595745
0 0.06688154713940371 0.6702127659574468 0.13376309427880742 0.324468085106383
0 0.3577759871071716 0.5558510638297872 0.072522159548751 0.16489361702127658
0 0.2465753424657534 0.5585106382978723 0.088638195004029 0.14893617021276595
0 0.314262691377921 0.5186170212765957 0.0499597099113618 0.1276595744680851
0 0.40612409347300565 0.5212765957446809 0.038678485092667206 0.0851063829787234
0 0.3577759871071716 0.5039893617021277 0.045124899274778404 0.09840425531914894
0 0.43110394842868655 0.5106382978723404 0.022562449637389202 0.06382978723404255
0 0.48428686543110394 0.5093085106382979 0.0257856567284448 0.07712765957446809
0 0.38759065269943593 0.5066489361702128 0.029008863819500404 0.061170212765957445
0 0.387187751813054 0.4933510638297872 0.0265914585012087 0.07180851063829788
