0 0.9871175523349437 0.6306666666666667 0.024154589371980676 0.7333333333333333
0 0.26851851851851855 0.644 0.13768115942028986 0.2906666666666667
0 0.18115942028985507 0.7426666666666667 0.36231884057971014 0.5093333333333333
0 0.785426731078905 0.45466666666666666 0.1537842190016103 0.184
0 0.8760064412238325 0.44 0.07729468599033816 0.12266666666666666
0 0.9750402576489533 0.416 0.04830917874396135 0.13866666666666666
0 0.9182769726247987 0.44133333333333336 0.08776167471819646 0.10933333333333334
0 0.3780193236714976 0.5546666666666666 0.0571658615136876 0.12266666666666666
0 0.34098228663446056 0.5906666666666667 0.0861513687600644 0.184
0 0.5696457326892109 0.5173333333333333 0.04428341384863124 0.10133333333333333
0 0.4005636070853462 0.54 0.04106280193236715 0.104
0 0.5088566827697263 0.5213333333333333 0.028985507246376812 0.07733333333333334
0 0.5797101449275363 0.504 0.07407407407407407 0.08533333333333333
0 0.49838969404186795 0.484 0.033816425120772944 0.04
