0 0.47703464947622887 0.5106382978723404 0.032232070910556 0.09574468085106383
0 0.06688154713940371 0.7686170212765957 0.13376309427880742 0.4574468085106383
0 0.08098307816277196 0.6569148936170213 0.16196615632554393 0.2978723404255319
0 0.2840451248992748 0.6263297872340425 0.1297340854149879 0.24202127659574468
0 0.24093473005640612 0.5598404255319149 0.08702659145850121 0.14627659574468085
0 0.3416599516518936 0.5531914893617021 0.072522159548751 0.14893617021276595
0 0.40773569701853346 0.48936170212765956 0.045124899274778404 0.14893617021276595
0 0.4258662369057212 0.4973404255319149 0.0265914585012087 0.07446808510638298
0 0.4419822723609992 0.47606382978723405 0.018533440773569703 0.06914893617021277
0 0.01732473811442385 0.5997340425531915 0.0346494762288477 0.23138297872340424
