0 0.09863123993558776 0.7706666666666667 0.1972624798711755 0.4533333333333333
0 0.5881642512077294 0.5706666666666667 0.08293075684380032 0.20266666666666666
0 0.19927536231884058 0.564 0.1360708534621578 0.16266666666666665
0 0.6988727858293076 0.6826666666666666 0.17391304347826086 0.37866666666666665
0 0.5640096618357487 0.5413333333333333 0.05233494363929147 0.144
0 0.37399355877616747 0.5466666666666666 0.05877616747181964 0.13333333333333333
0 0.3969404186795491 0.5213333333333333 0.04508856682769726 0.12533333333333332
0 0.8389694041867954 0.7586666666666667 0.32045088566827695 0.47733333333333333
0 0.4166666666666667 0.5146666666666667 0.03462157809983897 0.10133333333333333
0 0.5277777777777778 0.464 0.036231884057971016 0.128
0 0.4388083735909823 0.49466666666666664 0.017713365539452495 0.04
