0 0.49879227053140096 0.536 0.0426731078904992 0.13333333333333333
0 0.055152979066022546 0.772 0.11030595813204509 0.408
0 0.8836553945249598 0.7186666666666667 0.23107890499194847 0.5573333333333333
0 0.677938808373591 0.592 0.15619967793880837 0.25066666666666665
0 0.6497584541062802 0.5573333333333333 0.12238325281803543 0.192
0 0.6288244766505636 0.5306666666666666 0.09822866344605476 0.16533333333333333
0 0.5833333333333334 0.5013333333333333 0.08776167471819646 0.144
0 0.5636070853462157 0.508 0.06602254428341385 0.088
0 0.5418679549114331 0.49333333333333335 0.043478260869565216 0.058666666666666666
0 0.2999194847020934 0.5213333333333333 0.05555555555555555 0.104
0 0.42310789049919484 0.476 0.033011272141706925 0.09866666666666667
0 0.3325281803542673 0.5186666666666667 0.04186795491143317 0.08266666666666667
0 0.35829307568438 0.5173333333333333 0.0322061191626409 0.058666666666666666
0 0.39573268921095006 0.5 0.026570048309178744 0.04533333333333334
0 0.28019323671497587 0.5186666666666667 0.033816425120772944 0.072
0 0.04186795491143317 0.5266666666666666 0.03542673107890499 0.08266666666666667
