0 0.47665056360708535 0.5493333333333333 0.04669887278582931 0.128
0 0.05676328502415459 0.76 0.11352657004830918 0.4746666666666667
0 0.17673107890499196 0.792 0.3534621578099839 0.4106666666666667
0 0.3272946859903382 0.676 0.13446054750402575 0.33866666666666667
0 0.37077294685990336 0.6093333333333333 0.0861513687600644 0.20533333333333334
0 0.2805958132045089 0.5933333333333334 0.10869565217391304 0.17333333333333334
0 0.4359903381642512 0.5146666666666667 0.02818035426731079 0.06933333333333333
0 0.8115942028985508 0.7706666666666667 0.3752012882447665 0.4533333333333333
0 0.6280193236714976 0.6266666666666667 0.12077294685990338 0.304
0 0.5277777777777778 0.536 0.039452495974235106 0.096
0 0.5229468599033816 0.448 0.04750402576489533 0.18133333333333335
2 0.5680354267310789 0.5013333333333333 0.007246376811594203 0.10133333333333333
0 0.17592592592592593 0.5386666666666666 0.07648953301127215 0.096
0 0.4754428341384863 0.5226666666666666 0.029790660225442835 0.09066666666666667
0 0.04508856682769726 0.584 0.09017713365539452 0.15466666666666667
