0 0.05394524959742351 0.7986666666666666 0.10789049919484701 0.3973333333333333
0 0.15056360708534622 0.72 0.1996779388083736 0.3466666666666667
0 0.27375201288244766 0.6226666666666667 0.1111111111111111 0.2
0 0.9021739130434783 0.5013333333333333 0.19404186795491143 0.2826666666666667
0 0.8490338164251208 0.48533333333333334 0.15056360708534622 0.24
0 0.788647342995169 0.488 0.1457326892109501 0.20266666666666666
0 0.7310789049919485 0.49066666666666664 0.12721417069243157 0.16
0 0.3474235104669887 0.5666666666666667 0.06843800322061191 0.13066666666666665
0 0.5962157809983897 0.5546666666666666 0.07809983896940419 0.176
0 0.570450885668277 0.532 0.05233494363929147 0.14133333333333334
