0 0.6537842190016103 0.6346666666666667 0.1497584541062802 0.37333333333333335
0 0.04186795491143317 0.7693333333333333 0.08373590982286634 0.456
0 0.10587761674718196 0.7173333333333334 0.21175523349436393 0.4053333333333333
0 0.13727858293075684 0.6533333333333333 0.2745571658615137 0.3253333333333333
0 0.20128824476650564 0.6226666666666667 0.1996779388083736 0.232
0 0.5921900161030595 0.5786666666666667 0.08293075684380032 0.18133333333333335
0 0.5523349436392915 0.5306666666666666 0.04508856682769726 0.13333333333333333
0 0.34098228663446056 0.5426666666666666 0.11030595813204509 0.13066666666666665
0 0.3534621578099839 0.5226666666666666 0.07407407407407407 0.13333333333333333
0 0.38808373590982287 0.5253333333333333 0.0644122383252818 0.08533333333333333
0 0.5293880837359098 0.512 0.026570048309178744 0.06933333333333333
