0 0.0571658615136876 0.7493333333333333 0.1143317230273752 0.496
0 0.09581320450885668 0.6826666666666666 0.19162640901771336 0.4053333333333333
0 0.6296296296296297 0.632 0.1111111111111111 0.24533333333333332
0 0.16666666666666666 0.6373333333333333 0.2318840579710145 0.2986666666666667
0 0.22383252818035426 0.5933333333333334 0.17713365539452497 0.27466666666666667
0 0.2805958132045089 0.5613333333333334 0.12640901771336555 0.18933333333333333
0 0.6755233494363929 0.568 0.12721417069243157 0.13333333333333333
0 0.6078904991948471 0.5226666666666666 0.09017713365539452 0.11733333333333333
0 0.34098228663446056 0.49466666666666664 0.09742351046698873 0.168
0 0.5269726247987118 0.4866666666666667 0.03462157809983897 0.12
0 0.37962962962962965 0.5133333333333333 0.07326892109500806 0.08266666666666667
0 0.3993558776167472 0.5 0.0644122383252818 0.088
0 0.5124798711755234 0.47733333333333333 0.023349436392914653 0.09066666666666667
