0 0.4863123993558776 0.49733333333333335 0.01932367149758454 0.06133333333333333
0 0.42351046698872785 0.5333333333333333 0.043478260869565216 0.112
0 0.7028985507246377 0.6893333333333334 0.18679549114331723 0.4026666666666667
0 0.6171497584541062 0.6026666666666667 0.11030595813204509 0.272
0 0.5825281803542673 0.56 0.06682769726247988 0.20266666666666666
0 0.5483091787439613 0.5293333333333333 0.04508856682769726 0.11466666666666667
0 0.5245571658615137 0.5053333333333333 0.0249597423510467 0.072
0 0.538647342995169 0.52 0.03542673107890499 0.10133333333333333
0 0.3365539452495974 0.5186666666666667 0.05314009661835749 0.06666666666666667
0 0.26811594202898553 0.52 0.05958132045088567 0.06933333333333333
2 0.6300322061191627 0.5226666666666666 0.018518518518518517 0.19733333333333333
