2 0.31098546042003233 0.7085561497326203 0.07592891760904685 0.5775401069518716
2 0.32148626817447495 0.7205882352941176 0.05331179321486268 0.5481283422459893
2 0.212843295638126 0.7312834224598931 0.05735056542810985 0.5267379679144385
2 0.15266558966074315 0.6684491978609626 0.061389337641357025 0.40641711229946526
2 0.3715670436187399 0.6310160427807486 0.03715670436187399 0.40641711229946526
2 0.21890145395799676 0.6844919786096256 0.046849757673667204 0.4117647058823529
2 0.3198707592891761 0.6403743315508021 0.05815831987075929 0.3877005347593583
0 0.3210823909531502 0.5962566844919787 0.10581583198707593 0.23529411764705882
1 0.3994345718901454 0.5227272727272727 0.021809369951534735 0.15775401069518716
2 0.5387722132471728 0.5093582887700535 0.017770597738287562 0.15240641711229946
2 0.43901453957996767 0.5147058823529411 0.01050080775444265 0.12032085561497326
2 0.4483037156704362 0.5120320855614974 0.011308562197092083 0.12566844919786097
