0 0.07528180354267311 0.748 0.15056360708534622 0.49866666666666665
0 0.7991143317230274 0.728 0.321256038647343 0.5386666666666666
0 0.21215780998389694 0.704 0.21014492753623187 0.432
0 0.644524959742351 0.592 0.13446054750402575 0.272
0 0.5809178743961353 0.46 0.09742351046698873 0.31733333333333336
0 0.5503220611916264 0.5 0.0426731078904992 0.136
0 0.5430756843800322 0.5106666666666667 0.039452495974235106 0.104
0 0.5189210950080515 0.49733333333333335 0.026570048309178744 0.072
0 0.41264090177133655 0.516 0.026570048309178744 0.06133333333333333
0 0.500805152979066 0.496 0.030595813204508857 0.06933333333333333
0 0.47665056360708535 0.496 0.02254428341384863 0.048
