0 0.4814665592264303 0.5132978723404256 0.029814665592264304 0.09042553191489362
0 0.1200644641418211 0.7646276595744681 0.2401289282836422 0.4654255319148936
0 0.053585817888799354 0.6941489361702128 0.10717163577759871 0.35638297872340424
0 0.2630942788074134 0.5731382978723404 0.09105560032232071 0.15691489361702127
0 0.3678485092667204 0.5944148936170213 0.0894439967767929 0.18882978723404256
0 0.330378726833199 0.5398936170212766 0.0547945205479452 0.10638297872340426
0 0.4008863819500403 0.535904255319149 0.0427074939564867 0.09308510638297872
0 0.4307010475423046 0.47606382978723405 0.031426269137792104 0.11702127659574468
0 0.072522159548751 0.5904255319148937 0.145044319097502 0.19680851063829788
0 0.22925060435132957 0.5425531914893617 0.0684931506849315 0.10106382978723404
0 0.27800161160354553 0.5186170212765957 0.0531829170024174 0.09574468085106383
