2 0.7809983896940419 0.5466666666666666 0.04508856682769726 0.352
1 0.15780998389694043 0.74 0.1529790660225443 0.5146666666666667
1 0.3244766505636071 0.5986666666666667 0.04669887278582931 0.296
0 0.6646537842190016 0.6346666666666667 0.15217391304347827 0.3626666666666667
0 0.5950080515297906 0.5546666666666666 0.09017713365539452 0.256
0 0.5664251207729468 0.5253333333333333 0.06360708534621579 0.192
0 0.5515297906602254 0.5173333333333333 0.043478260869565216 0.128
2 0.5136876006441223 0.4746666666666667 0.011272141706924315 0.09066666666666667
2 0.5193236714975845 0.4786666666666667 0.00966183574879227 0.088
0 0.4367954911433172 0.4786666666666667 0.021739130434782608 0.072
2 0.4782608695652174 0.4746666666666667 0.008051529790660225 0.058666666666666666
0 0.38446054750402575 0.5226666666666666 0.0426731078904992 0.10666666666666667
0 0.10386473429951691 0.768 0.20772946859903382 0.45866666666666667
0 0.2250402576489533 0.6586666666666666 0.16183574879227053 0.30933333333333335
0 0.30434782608695654 0.5893333333333334 0.0998389694041868 0.208
0 0.34863123993558776 0.544 0.06763285024154589 0.15466666666666667
