0 0.0893719806763285 0.7986666666666666 0.178743961352657 0.3973333333333333
0 0.8631239935587761 0.6293333333333333 0.2721417069243156 0.448
0 0.2536231884057971 0.6973333333333334 0.19806763285024154 0.3973333333333333
0 0.3695652173913043 0.6026666666666667 0.08695652173913043 0.20266666666666666
0 0.40418679549114334 0.5613333333333334 0.0644122383252818 0.152
0 0.5756843800322061 0.548 0.05475040257648953 0.168
0 0.8019323671497585 0.548 0.23349436392914655 0.24266666666666667
0 0.4255233494363929 0.524 0.039452495974235106 0.11466666666666667
0 0.43196457326892107 0.512 0.04589371980676329 0.08533333333333333
0 0.2999194847020934 0.49466666666666664 0.050724637681159424 0.056
0 0.5917874396135265 0.532 0.05958132045088567 0.12533333333333332
0 0.6260064412238325 0.5093333333333333 0.061996779388083734 0.11733333333333333
