0 0.926731078904992 0.6266666666666667 0.14492753623188406 0.7413333333333333
0 0.28502415458937197 0.6186666666666667 0.11916264090177134 0.256
0 0.2560386473429952 0.7373333333333333 0.28180354267310787 0.52
0 0.7648953301127214 0.456 0.143317230273752 0.17066666666666666
0 0.855072463768116 0.44133333333333336 0.07085346215780998 0.11466666666666667
0 0.9637681159420289 0.42 0.07085346215780998 0.136
0 0.894524959742351 0.444 0.08051529790660225 0.104
0 0.38003220611916266 0.5493333333333333 0.05314009661835749 0.11733333333333333
0 0.3466183574879227 0.576 0.07971014492753623 0.17066666666666666
0 0.5632045088566827 0.5066666666666667 0.0426731078904992 0.096
0 0.4005636070853462 0.5293333333333333 0.039452495974235106 0.09866666666666667
0 0.5048309178743962 0.5133333333333333 0.028985507246376812 0.072
0 0.573268921095008 0.5026666666666667 0.07085346215780998 0.08266666666666667
0 0.48711755233494364 0.48 0.0322061191626409 0.042666666666666665
