0 0.2584541062801932 0.74 0.249597423510467 0.5146666666666667
0 0.8192431561996779 0.7493333333333333 0.35990338164251207 0.496
0 0.6252012882447665 0.6706666666666666 0.1360708534621578 0.33866666666666667
0 0.35909822866344604 0.62 0.0966183574879227 0.27466666666666667
0 0.39009661835748793 0.5786666666666667 0.071658615136876 0.176
0 0.5740740740740741 0.5746666666666667 0.07568438003220612 0.18933333333333333
0 0.5446859903381642 0.5453333333333333 0.05394524959742351 0.14133333333333334
0 0.4327697262479871 0.5226666666666666 0.036231884057971016 0.096
0 0.44847020933977455 0.5013333333333333 0.030595813204508857 0.10133333333333333
0 0.4617552334943639 0.5 0.02818035426731079 0.08266666666666667
