2 0.4927302100161551 0.5040106951871658 0.0210016155088853 0.15240641711229946
2 0.5076736672051696 0.5026737967914439 0.020193861066235864 0.1657754010695187
2 0.08239095315024232 0.6951871657754011 0.1050080775444265 0.6042780748663101
2 0.16397415185783523 0.5842245989304813 0.033925686591276254 0.30213903743315507
2 0.20234248788368336 0.6082887700534759 0.0395799676898223 0.3770053475935829
2 0.6554927302100162 0.589572192513369 0.04765751211631664 0.4144385026737968
2 0.8848949919224556 0.6417112299465241 0.10581583198707593 0.6149732620320856
2 0.29806138933764137 0.5254010695187166 0.01938610662358643 0.17914438502673796
2 0.422859450726979 0.5026737967914439 0.015347334410339256 0.16042780748663102
0 0.33723747980613894 0.5133689839572193 0.10420032310177706 0.26737967914438504
0 0.38449111470113084 0.49866310160427807 0.05977382875605816 0.18449197860962566
