2 0.6405492730210016 0.7032085561497327 0.08562197092084006 0.5882352941176471
2 0.5961227786752827 0.6724598930481284 0.051696284329563816 0.4732620320855615
2 0.46082390953150243 0.6537433155080213 0.05088852988691438 0.4411764705882353
2 0.3638933764135703 0.6189839572192514 0.0444264943457189 0.3609625668449198
2 0.5415993537964459 0.6029411764705882 0.0444264943457189 0.35561497326203206
2 0.42932148626817446 0.5762032085561497 0.036348949919224556 0.31283422459893045
2 0.46365105008077545 0.6336898395721925 0.04038772213247173 0.3582887700534759
2 0.4596122778675283 0.5508021390374331 0.05492730210016155 0.27807486631016043
2 0.4911147011308562 0.5922459893048129 0.0420032310177706 0.339572192513369
0 0.388529886914378 0.5467914438502673 0.07592891760904685 0.18449197860962566
