2 0.4789983844911147 0.5548128342245989 0.01615508885298869 0.14171122994652408
2 0.4931340872374798 0.5481283422459893 0.016962843295638127 0.1497326203208556
2 0.23667205169628433 0.7085561497326203 0.06462035541195477 0.5026737967914439
2 0.26090468497576735 0.6056149732620321 0.030694668820678513 0.24331550802139038
0 0.12924071082390953 0.6644385026737968 0.25848142164781907 0.6657754010695187
2 0.2431340872374798 0.6109625668449198 0.0420032310177706 0.2700534759358289
2 0.6526655896607432 0.6163101604278075 0.04361873990306947 0.35561497326203206
2 0.8578352180936996 0.6550802139037433 0.07431340872374798 0.46524064171123
2 0.2806946688206785 0.5802139037433155 0.023424878836833602 0.17647058823529413
2 0.41033925686591277 0.5481283422459893 0.012924071082390954 0.13903743315508021
0 0.33521809369951533 0.5641711229946524 0.0888529886914378 0.23529411764705882
0 0.37318255250403876 0.5401069518716578 0.05331179321486268 0.1711229946524064
