2 0.23366013071895425 0.5121621621621621 0.02287581699346405 0.1810810810810811
2 0.31495098039215685 0.49324324324324326 0.015522875816993464 0.12162162162162163
2 0.11519607843137254 0.518918918918919 0.026143790849673203 0.23243243243243245
2 0.21650326797385622 0.47297297297297297 0.013071895424836602 0.11891891891891893
0 0.46200980392156865 0.5027027027027027 0.03022875816993464 0.07567567567567568
0 0.8284313725490197 0.5527027027027027 0.08823529411764706 0.13243243243243244
0 0.8933823529411765 0.5567567567567567 0.0988562091503268 0.12432432432432433
0 0.9477124183006536 0.5581081081081081 0.10294117647058823 0.12702702702702703
2 0.10253267973856209 0.5216216216216216 0.031862745098039214 0.21621621621621623
2 0.25245098039215685 0.47702702702702704 0.014705882352941176 0.12702702702702703
2 0.23447712418300654 0.4837837837837838 0.02287581699346405 0.11351351351351352
2 0.15400326797385622 0.522972972972973 0.02042483660130719 0.20270270270270271
2 0.11764705882352941 0.5081081081081081 0.0196078431372549 0.21081081081081082
2 0.9133986928104575 0.7216216216216216 0.1111111111111111 0.5513513513513514
1 0.4133986928104575 0.4891891891891892 0.00980392156862745 0.08108108108108109
2 0.10620915032679738 0.5135135135135135 0.017973856209150325 0.1783783783783784
2 0.07720588235294118 0.5081081081081081 0.028594771241830064 0.2
0 0.505718954248366 0.5 0.029411764705882353 0.07567567567567568
2 0.18668300653594772 0.47297297297297297 0.008986928104575163 0.11891891891891893
2 0.9791666666666666 0.5351351351351351 0.010620915032679739 0.0972972972972973
