2 0.5359450726978998 0.7032085561497327 0.05896607431340872 0.5882352941176471
2 0.5092891760904685 0.6711229946524064 0.08319870759289176 0.45989304812834225
2 0.3869143780290792 0.6617647058823529 0.05331179321486268 0.4411764705882353
2 0.30048465266558966 0.6256684491978609 0.0420032310177706 0.36363636363636365
2 0.48303715670436187 0.6016042780748663 0.04038772213247173 0.35294117647058826
2 0.361470113085622 0.5842245989304813 0.033117932148626815 0.3181818181818182
2 0.3937802907915994 0.6363636363636364 0.04765751211631664 0.3582887700534759
2 0.41195476575121165 0.5614973262032086 0.05492730210016155 0.27807486631016043
2 0.4422455573505654 0.6002673796791443 0.04281098546042003 0.339572192513369
0 0.36793214862681745 0.5601604278074866 0.0815831987075929 0.19518716577540107
