0 0.13043478260869565 0.5373333333333333 0.2608695652173913 0.824
0 0.8454106280193237 0.776 0.3075684380032206 0.44266666666666665
0 0.8961352657004831 0.7333333333333333 0.20611916264090177 0.37333333333333335
0 0.7793880837359098 0.6453333333333333 0.23993558776167473 0.24533333333333332
0 0.24396135265700483 0.6066666666666667 0.18679549114331723 0.216
0 0.5257648953301127 0.5426666666666666 0.024154589371980676 0.06133333333333333
0 0.40418679549114334 0.54 0.0644122383252818 0.07733333333333334
0 0.6022544283413849 0.5573333333333333 0.07568438003220612 0.096
0 0.3462157809983897 0.568 0.1111111111111111 0.13866666666666666
0 0.2966988727858293 0.5973333333333334 0.15217391304347827 0.18133333333333335
0 0.6614331723027376 0.5773333333333334 0.10225442834138486 0.14133333333333334
0 0.6827697262479872 0.592 0.1143317230273752 0.144
