0 0.12295751633986927 0.7662162162162162 0.24591503267973855 0.46216216216216216
2 0.8549836601307189 0.577027027027027 0.0857843137254902 0.4135135135135135
2 0.5461601307189542 0.6202702702702703 0.05800653594771242 0.4081081081081081
2 0.5465686274509803 0.6391891891891892 0.06699346405228758 0.45675675675675675
1 0.8227124183006536 0.49324324324324326 0.029411764705882353 0.1864864864864865
2 0.16625816993464052 0.6081081081081081 0.03839869281045752 0.2864864864864865
2 0.16176470588235295 0.6175675675675676 0.027777777777777776 0.28378378378378377
1 0.7197712418300654 0.5743243243243243 0.10130718954248366 0.2945945945945946
0 0.3786764705882353 0.4945945945945946 0.028594771241830064 0.06486486486486487
0 0.8464052287581699 0.46621621621621623 0.10294117647058823 0.10540540540540541
