0 0.1473429951690821 0.7466666666666667 0.2946859903381642 0.5013333333333333
0 0.9677938808373591 0.76 0.06280193236714976 0.4746666666666667
0 0.7636876006441223 0.7573333333333333 0.3132045088566828 0.48
0 0.28703703703703703 0.756 0.1892109500805153 0.4826666666666667
0 0.3643317230273752 0.6373333333333333 0.10386473429951691 0.256
0 0.6179549114331723 0.628 0.11513687600644122 0.27466666666666667
0 0.5692431561996779 0.5826666666666667 0.07085346215780998 0.184
0 0.4323671497584541 0.548 0.04186795491143317 0.11466666666666667
0 0.4533011272141707 0.5226666666666666 0.03542673107890499 0.11733333333333333
0 0.46819645732689213 0.5173333333333333 0.03140096618357488 0.096
