0 0.4939613526570048 0.5333333333333333 0.04750402576489533 0.128
0 0.24355877616747182 0.616 0.16344605475040258 0.24533333333333332
0 0.2999194847020934 0.5853333333333334 0.12640901771336555 0.184
0 0.3442028985507246 0.5333333333333333 0.07809983896940419 0.128
0 0.4243156199677939 0.5493333333333333 0.057971014492753624 0.12266666666666666
0 0.391304347826087 0.5133333333333333 0.057971014492753624 0.08266666666666667
0 0.7008856682769726 0.552 0.24074074074074073 0.6506666666666666
0 0.5893719806763285 0.5586666666666666 0.08051529790660225 0.184
0 0.5660225442834138 0.54 0.057971014492753624 0.12533333333333332
0 0.5515297906602254 0.5106666666666667 0.040257648953301126 0.11466666666666667
0 0.5221417069243156 0.5 0.023349436392914653 0.06133333333333333
0 0.07930756843800323 0.632 0.15861513687600645 0.24
0 0.18357487922705315 0.5386666666666666 0.143317230273752 0.2613333333333333
0 0.49074074074074076 0.5093333333333333 0.03140096618357488 0.096
0 0.05434782608695652 0.5653333333333334 0.10869565217391304 0.144
