0 0.071658615136876 0.7093333333333334 0.143317230273752 0.432
0 0.13003220611916264 0.6666666666666666 0.26006441223832527 0.3413333333333333
0 0.1642512077294686 0.6146666666666667 0.24154589371980675 0.2693333333333333
0 0.8683574879227053 0.7466666666666667 0.2616747181964573 0.5013333333333333
0 0.5986312399355878 0.592 0.07971014492753623 0.18133333333333335
0 0.25684380032206117 0.5866666666666667 0.1610305958132045 0.21333333333333335
0 0.2898550724637681 0.5706666666666667 0.13043478260869565 0.208
0 0.322463768115942 0.548 0.10064412238325282 0.152
0 0.6485507246376812 0.5546666666666666 0.10547504025764895 0.112
0 0.36231884057971014 0.49866666666666665 0.08373590982286634 0.144
0 0.5269726247987118 0.484 0.03140096618357488 0.10933333333333334
0 0.394122383252818 0.5133333333333333 0.06521739130434782 0.072
0 0.40982286634460546 0.49866666666666665 0.057971014492753624 0.08
0 0.5148953301127214 0.48 0.021739130434782608 0.08533333333333333
