2 0.5616830065359477 0.4743243243243243 0.012254901960784314 0.15405405405405406
2 0.23651960784313725 0.5297297297297298 0.031862745098039214 0.32432432432432434
2 0.6090686274509803 0.654054054054054 0.05310457516339869 0.518918918918919
2 0.6850490196078431 0.6216216216216216 0.051470588235294115 0.5297297297297298
2 0.545751633986928 0.5486486486486486 0.03431372549019608 0.34054054054054056
2 0.5171568627450981 0.5486486486486486 0.0392156862745098 0.33513513513513515
2 0.6013071895424836 0.5378378378378378 0.05392156862745098 0.31891891891891894
2 0.6478758169934641 0.5418918918918919 0.029411764705882353 0.3
2 0.9223856209150327 0.5945945945945946 0.03431372549019608 0.21081081081081082
2 0.40808823529411764 0.55 0.031862745098039214 0.3324324324324324
2 0.4150326797385621 0.5445945945945946 0.024509803921568627 0.27837837837837837
2 0.4493464052287582 0.5283783783783784 0.027777777777777776 0.3108108108108108
2 0.4820261437908497 0.5486486486486486 0.026143790849673203 0.25405405405405407
2 0.4812091503267974 0.518918918918919 0.03758169934640523 0.2702702702702703
2 0.3839869281045752 0.49594594594594593 0.021241830065359478 0.21351351351351353
2 0.43995098039215685 0.4945945945945946 0.015522875816993464 0.1945945945945946
2 0.4665032679738562 0.4837837837837838 0.017973856209150325 0.21081081081081082
2 0.5065359477124183 0.4837837837837838 0.029411764705882353 0.2
0 0.1090686274509804 0.49864864864864866 0.2181372549019608 0.9972972972972973
