0 0.5052334943639292 0.54 0.050724637681159424 0.136
0 0.14774557165861513 0.7346666666666667 0.2278582930756844 0.504
0 0.355877616747182 0.564 0.12560386473429952 0.17866666666666667
0 0.39049919484702095 0.524 0.07407407407407407 0.12
0 0.4061996779388084 0.5133333333333333 0.07326892109500806 0.104
0 0.4247181964573269 0.49466666666666664 0.06038647342995169 0.07733333333333334
0 0.44847020933977455 0.4653333333333333 0.05314009661835749 0.09333333333333334
0 0.8595008051529791 0.7266666666666667 0.27938808373590984 0.5413333333333333
2 0.7061191626409018 0.6826666666666666 0.05314009661835749 0.4053333333333333
0 0.6940418679549114 0.624 0.13365539452495975 0.256
0 0.6308373590982287 0.572 0.08132045088566828 0.168
0 0.6026570048309179 0.524 0.06521739130434782 0.15733333333333333
2 0.5567632850241546 0.5 0.012077294685990338 0.088
0 0.17995169082125603 0.576 0.15539452495974235 0.208
0 0.2640901771336554 0.54 0.09178743961352658 0.14666666666666667
0 0.5032206119162641 0.49733333333333335 0.028985507246376812 0.088
0 0.07326892109500806 0.636 0.14653784219001612 0.30133333333333334
0 0.3007246376811594 0.5186666666666667 0.06038647342995169 0.12
0 0.751610305958132 0.484 0.11513687600644122 0.14666666666666667
0 0.09621578099838969 0.54 0.10869565217391304 0.15733333333333333
