0 0.49557165861513686 0.5253333333333333 0.03462157809983897 0.10666666666666667
0 0.09259259259259259 0.604 0.17391304347826086 0.22666666666666666
0 0.715780998389694 0.5986666666666667 0.15619967793880837 0.296
0 0.6751207729468599 0.5666666666666667 0.13768115942028986 0.216
0 0.6199677938808373 0.5573333333333333 0.1111111111111111 0.16533333333333333
0 0.5978260869565217 0.532 0.09420289855072464 0.152
0 0.5909822866344605 0.5266666666666666 0.08695652173913043 0.12
0 0.5768921095008052 0.5173333333333333 0.07648953301127215 0.112
0 0.43478260869565216 0.5 0.01610305958132045 0.04
0 0.538647342995169 0.492 0.04186795491143317 0.050666666666666665
0 0.5297906602254429 0.484 0.037037037037037035 0.056
0 0.40700483091787437 0.49466666666666664 0.018518518518518517 0.04533333333333334
