0 0.8675523349436393 0.7586666666666667 0.2632850241545894 0.47733333333333333
0 0.26972624798711753 0.552 0.10789049919484701 0.144
2 0.34017713365539454 0.5346666666666666 0.016908212560386472 0.17333333333333334
1 0.8196457326892109 0.556 0.0998389694041868 0.232
0 0.5213365539452496 0.5 0.07326892109500806 0.09333333333333334
0 0.7049114331723028 0.4866666666666667 0.08132045088566828 0.07733333333333334
0 0.9214975845410628 0.4693333333333333 0.0893719806763285 0.10666666666666667
0 0.45692431561996777 0.5053333333333333 0.0571658615136876 0.07733333333333334
0 0.22383252818035426 0.5213333333333333 0.07246376811594203 0.088
0 0.4673913043478261 0.48933333333333334 0.020128824476650563 0.04533333333333334
0 0.43719806763285024 0.49333333333333335 0.024154589371980676 0.048
