1 0.2181964573268921 0.6 0.07407407407407407 0.3466666666666667
1 0.2572463768115942 0.5733333333333334 0.05877616747181964 0.26666666666666666
0 0.4106280193236715 0.49333333333333335 0.08051529790660225 0.19733333333333333
2 0.017310789049919485 0.6186666666666667 0.03462157809983897 0.21866666666666668
2 0.9754428341384863 0.816 0.04750402576489533 0.3626666666666667
2 0.16908212560386474 0.576 0.040257648953301126 0.15466666666666667
1 0.5165056360708534 0.52 0.03462157809983897 0.13333333333333333
2 0.7737520128824477 0.5266666666666666 0.01932367149758454 0.17866666666666667
2 0.7250402576489533 0.52 0.018518518518518517 0.16
2 0.6686795491143317 0.528 0.03462157809983897 0.112
2 0.6618357487922706 0.528 0.03542673107890499 0.10133333333333333
0 0.34339774557165864 0.5093333333333333 0.06521739130434782 0.07466666666666667
