0 0.1215780998389694 0.7586666666666667 0.2431561996779388 0.47733333333333333
0 0.2391304347826087 0.7533333333333333 0.2834138486312399 0.488
0 0.5623993558776168 0.552 0.06521739130434782 0.15466666666666667
0 0.8111916264090178 0.748 0.37600644122383253 0.49866666666666665
0 0.32326892109500804 0.644 0.13285024154589373 0.2853333333333333
2 0.2459742351046699 0.6133333333333333 0.029790660225442835 0.336
2 0.28019323671497587 0.5853333333333334 0.01610305958132045 0.25866666666666666
0 0.44082125603864736 0.52 0.03140096618357488 0.096
0 0.53341384863124 0.5186666666666667 0.03784219001610306 0.09866666666666667
2 0.28381642512077293 0.6 0.018518518518518517 0.26666666666666666
0 0.5157004830917874 0.49733333333333335 0.021739130434782608 0.072
