0 0.499597423510467 0.5333333333333333 0.04428341384863124 0.13866666666666666
0 0.9545088566827697 0.72 0.0893719806763285 0.5546666666666666
0 0.7097423510466989 0.6133333333333333 0.17632850241545894 0.2986666666666667
0 0.6670692431561996 0.568 0.13446054750402575 0.21866666666666668
0 0.642512077294686 0.5346666666666666 0.10628019323671498 0.184
0 0.5901771336553945 0.5013333333333333 0.09339774557165861 0.15466666666666667
0 0.5680354267310789 0.508 0.06843800322061191 0.09333333333333334
0 0.5442834138486312 0.48933333333333334 0.04508856682769726 0.06133333333333333
0 0.2890499194847021 0.5226666666666666 0.061191626409017714 0.112
0 0.4174718196457327 0.47333333333333333 0.036231884057971016 0.10933333333333334
0 0.3248792270531401 0.5186666666666667 0.04428341384863124 0.088
0 0.3534621578099839 0.516 0.033816425120772944 0.06133333333333333
0 0.39371980676328505 0.496 0.027375201288244767 0.048
0 0.27053140096618356 0.5146666666666667 0.037037037037037035 0.07466666666666667
0 0.018115942028985508 0.5213333333333333 0.036231884057971016 0.088
