2 0.8049273021001615 0.6283422459893048 0.06704361873990307 0.5454545454545454
2 0.5084814216478191 0.6029411764705882 0.04119547657512116 0.3502673796791444
2 0.051292407108239096 0.6644385026737968 0.06865912762520193 0.4625668449197861
2 0.3210823909531502 0.6323529411764706 0.04765751211631664 0.42513368983957217
2 0.7067851373182552 0.606951871657754 0.05815831987075929 0.5187165775401069
1 0.38449111470113084 0.6203208556149733 0.051696284329563816 0.33689839572192515
2 0.3323909531502423 0.6377005347593583 0.04604200323101777 0.22727272727272727
2 0.45718901453957994 0.5280748663101604 0.014539579967689823 0.15775401069518716
2 0.4798061389337641 0.516042780748663 0.014539579967689823 0.1497326203208556
2 0.4305331179321486 0.5200534759358288 0.01615508885298869 0.14705882352941177
