0 0.855877616747182 0.6186666666666667 0.286634460547504 0.368
0 0.06320450885668277 0.6293333333333333 0.12640901771336555 0.736
0 0.09178743961352658 0.652 0.18357487922705315 0.3333333333333333
0 0.5789049919484702 0.49866666666666665 0.08373590982286634 0.2613333333333333
0 0.2524154589371981 0.572 0.177938808373591 0.18933333333333333
0 0.321256038647343 0.528 0.1320450885668277 0.176
0 0.535426731078905 0.472 0.040257648953301126 0.144
0 0.37600644122383253 0.504 0.057971014492753624 0.08533333333333333
0 0.39371980676328505 0.5013333333333333 0.0644122383252818 0.08533333333333333
0 0.42351046698872785 0.464 0.05958132045088567 0.096
