0 0.37278582930756843 0.6106666666666667 0.10628019323671498 0.272
0 0.8293075684380032 0.7746666666666666 0.3397745571658615 0.44533333333333336
0 0.6336553945249598 0.6413333333333333 0.12077294685990338 0.31733333333333336
0 0.5740740740740741 0.576 0.07568438003220612 0.19733333333333333
0 0.4061996779388084 0.5946666666666667 0.061996779388083734 0.18133333333333335
0 0.42069243156199676 0.552 0.050724637681159424 0.128
0 0.5523349436392915 0.54 0.05314009661835749 0.136
0 0.534219001610306 0.524 0.04106280193236715 0.10933333333333334
0 0.4444444444444444 0.5106666666666667 0.028985507246376812 0.08266666666666667
0 0.45692431561996777 0.496 0.026570048309178744 0.08533333333333333
0 0.4669887278582931 0.49466666666666664 0.024154589371980676 0.072
