0 0.7987117552334944 0.49866666666666665 0.2882447665056361 0.9973333333333333
0 0.6590177133655395 0.5946666666666667 0.15539452495974235 0.4053333333333333
0 0.5986312399355878 0.5626666666666666 0.0893719806763285 0.21333333333333335
0 0.5410628019323671 0.528 0.05314009661835749 0.12266666666666666
0 0.03985507246376811 0.6066666666666667 0.07971014492753623 0.17333333333333334
1 0.394524959742351 0.5186666666666667 0.01288244766505636 0.10933333333333334
0 0.36513687600644124 0.5426666666666666 0.039452495974235106 0.104
0 0.5084541062801933 0.5133333333333333 0.04589371980676329 0.10933333333333334
0 0.4718196457326892 0.5053333333333333 0.030595813204508857 0.06666666666666667
1 0.4106280193236715 0.5106666666666667 0.01288244766505636 0.09866666666666667
