0 0.8365539452495975 0.772 0.3252818035426731 0.45066666666666666
0 0.03985507246376811 0.7186666666666667 0.07971014492753623 0.5573333333333333
0 0.1215780998389694 0.652 0.2431561996779388 0.34933333333333333
0 0.7894524959742351 0.6213333333333333 0.2214170692431562 0.224
0 0.7387278582930756 0.584 0.1570048309178744 0.21866666666666668
0 0.6521739130434783 0.532 0.12399355877616747 0.15733333333333333
0 0.28180354267310787 0.5213333333333333 0.14170692431561996 0.23733333333333334
0 0.538647342995169 0.49466666666666664 0.04508856682769726 0.152
0 0.3522544283413849 0.5266666666666666 0.09420289855072464 0.104
0 0.38003220611916266 0.5093333333333333 0.07890499194847021 0.10666666666666667
0 0.5177133655394525 0.4746666666666667 0.027375201288244767 0.10666666666666667
0 0.4307568438003221 0.47733333333333333 0.04830917874396135 0.08
