0 0.4891304347826087 0.5026666666666667 0.018518518518518517 0.06133333333333333
0 0.7600644122383253 0.7626666666666667 0.2721417069243156 0.4693333333333333
0 0.643317230273752 0.636 0.1320450885668277 0.296
0 0.45491143317230276 0.508 0.020933977455716585 0.056
0 0.572463768115942 0.552 0.05475040257648953 0.144
0 0.5535426731078905 0.5306666666666666 0.04750402576489533 0.128
0 0.5301932367149759 0.5053333333333333 0.02818035426731079 0.07733333333333334
0 0.3719806763285024 0.516 0.040257648953301126 0.050666666666666665
0 0.3176328502415459 0.52 0.04589371980676329 0.05333333333333334
2 0.5849436392914654 0.5013333333333333 0.012077294685990338 0.12266666666666666
