0 0.4830917874396135 0.5293333333333333 0.04186795491143317 0.10933333333333334
0 0.21658615136876005 0.612 0.14492753623188406 0.232
0 0.3784219001610306 0.624 0.10144927536231885 0.23466666666666666
0 0.41223832528180354 0.5693333333333334 0.06924315619967794 0.17333333333333334
0 0.33413848631239934 0.528 0.0998389694041868 0.13866666666666666
0 0.8421900161030595 0.7773333333333333 0.3140096618357488 0.44
0 0.6521739130434783 0.448 0.19162640901771336 0.624
2 0.7805958132045089 0.6373333333333333 0.061996779388083734 0.4106666666666667
0 0.5418679549114331 0.5253333333333333 0.04186795491143317 0.10666666666666667
0 0.5249597423510467 0.5133333333333333 0.030595813204508857 0.07733333333333334
0 0.5177133655394525 0.4533333333333333 0.03542673107890499 0.15466666666666667
0 0.22745571658615138 0.516 0.06038647342995169 0.088
0 0.4722222222222222 0.5133333333333333 0.026570048309178744 0.08266666666666667
0 0.05032206119162641 0.544 0.10064412238325282 0.16
