0 0.36233660130718953 0.5797297297297297 0.10049019607843138 0.21891891891891893
1 0.829248366013072 0.46621621621621623 0.07026143790849673 0.1864864864864865
1 0.7589869281045751 0.46216216216216216 0.05228758169934641 0.15675675675675677
2 0.45465686274509803 0.5135135135135135 0.02042483660130719 0.16216216216216217
1 0.6139705882352942 0.47702702702702704 0.03349673202614379 0.1
2 0.33782679738562094 0.5216216216216216 0.01715686274509804 0.1783783783783784
1 0.6924019607843137 0.47162162162162163 0.022058823529411766 0.11081081081081082
2 0.1940359477124183 0.5472972972972973 0.018790849673202614 0.13783783783783785
2 0.18872549019607843 0.5513513513513514 0.0196078431372549 0.13513513513513514
1 0.2647058823529412 0.5445945945945946 0.06045751633986928 0.17567567567567569
2 0.2581699346405229 0.5391891891891892 0.017973856209150325 0.13783783783783785
2 0.24223856209150327 0.5513513513513514 0.03022875816993464 0.16756756756756758
2 0.3255718954248366 0.5175675675675676 0.018790849673202614 0.17027027027027028
0 0.9464869281045751 0.43648648648648647 0.1053921568627451 0.1
0 0.8562091503267973 0.4635135135135135 0.09477124183006536 0.08378378378378379
