2 0.9939613526570048 0.6426666666666667 0.010466988727858293 0.7093333333333334
1 0.25966183574879226 0.5773333333333334 0.05877616747181964 0.296
1 0.28743961352657005 0.5546666666666666 0.04830917874396135 0.23466666666666666
0 0.4178743961352657 0.488 0.07568438003220612 0.18666666666666668
2 0.020128824476650563 0.6146666666666667 0.040257648953301126 0.21066666666666667
2 0.05112721417069243 0.6026666666666667 0.06521739130434782 0.192
2 0.045491143317230275 0.5813333333333334 0.029790660225442835 0.2613333333333333
2 0.8679549114331723 0.792 0.09339774557165861 0.4106666666666667
2 0.9158615136876006 0.792 0.09742351046698873 0.4106666666666667
2 0.19484702093397746 0.5626666666666666 0.037037037037037035 0.144
1 0.5120772946859904 0.5186666666666667 0.033816425120772944 0.13066666666666665
2 0.7588566827697263 0.5226666666666666 0.018518518518518517 0.16533333333333333
2 0.6622383252818036 0.5213333333333333 0.033011272141706925 0.10933333333333334
2 0.6557971014492754 0.5213333333333333 0.033011272141706925 0.09866666666666667
0 0.3526570048309179 0.504 0.06280193236714976 0.06933333333333333
