0 0.5301932367149759 0.5306666666666666 0.036231884057971016 0.08533333333333333
0 0.3417874396135266 0.5386666666666666 0.10547504025764895 0.128
0 0.2693236714975845 0.584 0.15056360708534622 0.18133333333333335
0 0.6815619967793881 0.572 0.1473429951690821 0.17866666666666667
0 0.2250402576489533 0.596 0.18276972624798712 0.20533333333333334
0 0.1710950080515298 0.6053333333333333 0.24074074074074073 0.30933333333333335
0 0.13325281803542674 0.668 0.2665056360708535 0.33866666666666667
0 0.10748792270531402 0.744 0.21497584541062803 0.4533333333333333
0 0.9001610305958132 0.7053333333333334 0.19806763285024154 0.44
0 0.961352657004831 0.7613333333333333 0.07568438003220612 0.472
