0 0.8607085346215781 0.7173333333333334 0.27697262479871176 0.56
0 0.4335748792270531 0.6026666666666667 0.13123993558776167 0.2613333333333333
0 0.75 0.732 0.19243156199677938 0.47733333333333333
0 0.6956521739130435 0.5986666666666667 0.1111111111111111 0.2906666666666667
0 0.9557165861513688 0.47333333333333333 0.08695652173913043 0.19466666666666665
0 0.9029790660225443 0.46266666666666667 0.1392914653784219 0.22133333333333333
0 0.8099838969404187 0.48133333333333334 0.11916264090177134 0.19466666666666665
0 0.4923510466988728 0.5093333333333333 0.050724637681159424 0.112
0 0.7475845410628019 0.476 0.06682769726247988 0.09866666666666667
0 0.6300322061191627 0.492 0.03462157809983897 0.09866666666666667
0 0.5237520128824477 0.48933333333333334 0.03462157809983897 0.08266666666666667
0 0.5994363929146538 0.43466666666666665 0.036231884057971016 0.11733333333333333
