0 0.8667471819645732 0.7453333333333333 0.2648953301127214 0.504
0 0.09702093397745572 0.776 0.19404186795491143 0.44266666666666665
0 0.37278582930756843 0.5506666666666666 0.04186795491143317 0.09866666666666667
0 0.5402576489533011 0.512 0.03542673107890499 0.09066666666666667
0 0.39090177133655396 0.5386666666666666 0.036231884057971016 0.08
0 0.4106280193236715 0.5173333333333333 0.028985507246376812 0.08
0 0.09943639291465378 0.5826666666666667 0.06682769726247988 0.08266666666666667
0 0.13727858293075684 0.5786666666666667 0.06038647342995169 0.08
0 0.17149758454106281 0.5706666666666667 0.0644122383252818 0.08533333333333333
0 0.21175523349436393 0.5706666666666667 0.05636070853462158 0.08533333333333333
