0 0.09943639291465378 0.7453333333333333 0.19887278582930756 0.504
0 0.7000805152979066 0.68 0.16344605475040258 0.352
0 0.2073268921095008 0.6053333333333333 0.21175523349436393 0.224
0 0.29790660225442833 0.5626666666666666 0.12721417069243157 0.16
0 0.32971014492753625 0.5546666666666666 0.1280193236714976 0.144
0 0.3393719806763285 0.544 0.11191626409017713 0.13333333333333333
0 0.6312399355877617 0.5946666666666667 0.0966183574879227 0.24
0 0.5680354267310789 0.5386666666666666 0.0426731078904992 0.10133333333333333
0 0.3747987117552335 0.54 0.08293075684380032 0.11466666666666667
0 0.3860708534621578 0.5266666666666666 0.071658615136876 0.12
0 0.533011272141707 0.48133333333333334 0.024154589371980676 0.088
0 0.4311594202898551 0.5026666666666667 0.050724637681159424 0.056
