0 0.4782433521353747 0.5132978723404256 0.033037872683319904 0.10106382978723404
0 0.1377921031426269 0.7632978723404256 0.2755842062852538 0.46808510638297873
0 0.15431103948428687 0.5957446808510638 0.1377921031426269 0.2074468085106383
0 0.2908944399677679 0.5904255319148937 0.11120064464141821 0.2127659574468085
0 0.2929089443996777 0.5292553191489362 0.0684931506849315 0.14893617021276595
0 0.3944399677679291 0.49601063829787234 0.057211925866236905 0.17819148936170212
0 0.3271555197421434 0.5305851063829787 0.041901692183722805 0.08776595744680851
0 0.41901692183722805 0.5 0.030620467365028204 0.0851063829787234
0 0.4395648670427075 0.47606382978723405 0.020145044319097503 0.07446808510638298
0 0.21394037066881547 0.5425531914893617 0.07977437550362611 0.12234042553191489
