0 0.9086151368760065 0.5293333333333333 0.18115942028985507 0.2906666666666667
0 0.9520933977455717 0.5506666666666666 0.09420289855072464 0.18933333333333333
0 0.0966183574879227 0.716 0.1932367149758454 0.43466666666666665
0 0.11876006441223833 0.628 0.23752012882447665 0.31733333333333336
0 0.18478260869565216 0.5746666666666667 0.25523349436392917 0.296
0 0.3023349436392915 0.5253333333333333 0.14251207729468598 0.192
0 0.32085346215780997 0.5373333333333333 0.13123993558776167 0.14133333333333334
0 0.24114331723027374 0.56 0.18115942028985507 0.20266666666666666
0 0.4110305958132045 0.492 0.07326892109500806 0.07733333333333334
0 0.8313204508856683 0.5026666666666667 0.10547504025764895 0.152
0 0.5772946859903382 0.49733333333333335 0.07890499194847021 0.09333333333333334
