1 0.858251633986928 0.5054054054054054 0.0857843137254902 0.2702702702702703
2 0.798202614379085 0.48243243243243245 0.021241830065359478 0.17567567567567569
2 0.23202614379084968 0.6824324324324325 0.0915032679738562 0.6297297297297297
2 0.11723856209150327 0.6716216216216216 0.09068627450980392 0.6513513513513514
2 0.198937908496732 0.6472972972972973 0.09558823529411764 0.7
2 0.6274509803921569 0.5391891891891892 0.021241830065359478 0.24054054054054055
1 0.7965686274509803 0.5054054054054054 0.07352941176470588 0.21081081081081082
2 0.8766339869281046 0.5297297297297298 0.03594771241830065 0.2972972972972973
2 0.8966503267973857 0.5256756756756756 0.03676470588235294 0.35405405405405405
2 0.8831699346405228 0.5432432432432432 0.026143790849673203 0.2810810810810811
0 0.4922385620915033 0.4554054054054054 0.015522875816993464 0.05675675675675676
