0 0.0607890499194847 0.752 0.1215780998389694 0.49066666666666664
0 0.10265700483091787 0.684 0.20531400966183574 0.38133333333333336
0 0.18639291465378421 0.6093333333333333 0.20853462157809985 0.264
0 0.22665056360708535 0.5493333333333333 0.1892109500805153 0.272
1 0.4166666666666667 0.5373333333333333 0.016908212560386472 0.12533333333333332
0 0.9154589371980676 0.7506666666666667 0.16747181964573268 0.49333333333333335
0 0.8619162640901772 0.656 0.2665056360708535 0.336
0 0.783011272141707 0.6146666666666667 0.1747181964573269 0.264
0 0.7274557165861514 0.5946666666666667 0.1859903381642512 0.22933333333333333
0 0.6827697262479872 0.5746666666666667 0.1610305958132045 0.17333333333333334
0 0.6622383252818036 0.5466666666666666 0.1280193236714976 0.18133333333333335
0 0.33816425120772947 0.5333333333333333 0.10466988727858294 0.112
0 0.358695652173913 0.528 0.08776167471819646 0.10133333333333333
0 0.5265700483091788 0.5213333333333333 0.037037037037037035 0.088
0 0.5096618357487923 0.5 0.020933977455716585 0.06133333333333333
0 0.4943639291465378 0.47333333333333333 0.01288244766505636 0.050666666666666665
