0 0.3438003220611916 0.6493333333333333 0.15136876006441224 0.344
0 0.714975845410628 0.72 0.23671497584541062 0.5546666666666666
0 0.40096618357487923 0.5893333333333334 0.0998389694041868 0.21333333333333335
0 0.5607890499194848 0.5306666666666666 0.04106280193236715 0.10666666666666667
0 0.6243961352657005 0.6093333333333333 0.10547504025764895 0.248
2 0.357890499194847 0.5493333333333333 0.015297906602254429 0.20266666666666666
2 0.3679549114331723 0.5386666666666666 0.008051529790660225 0.17066666666666666
0 0.47101449275362317 0.5 0.02576489533011272 0.07733333333333334
0 0.5446859903381642 0.508 0.02818035426731079 0.07733333333333334
2 0.37278582930756843 0.5426666666666666 0.011272141706924315 0.17333333333333334
