0 0.4851046698872786 0.5333333333333333 0.04589371980676329 0.12266666666666666
0 0.20088566827697263 0.6906666666666667 0.21336553945249598 0.384
0 0.2580515297906602 0.616 0.17149758454106281 0.272
0 0.3421900161030596 0.5533333333333333 0.0998389694041868 0.14666666666666667
0 0.3812399355877617 0.5253333333333333 0.08132045088566828 0.11733333333333333
0 0.428743961352657 0.5026666666666667 0.0571658615136876 0.07733333333333334
0 0.8297101449275363 0.49866666666666665 0.3389694041867955 0.9973333333333333
0 0.6851851851851852 0.636 0.15136876006441224 0.2906666666666667
0 0.5599838969404187 0.532 0.0426731078904992 0.09866666666666667
0 0.5297906602254429 0.484 0.028985507246376812 0.09866666666666667
0 0.48993558776167473 0.5133333333333333 0.029790660225442835 0.088
0 0.05434782608695652 0.564 0.10869565217391304 0.44
0 0.08011272141706924 0.5466666666666666 0.09903381642512077 0.128
0 0.2113526570048309 0.5186666666666667 0.06521739130434782 0.088
