0 0.2000805152979066 0.732 0.3244766505636071 0.5306666666666666
0 0.8260869565217391 0.6893333333333334 0.3462157809983897 0.616
0 0.3462157809983897 0.6253333333333333 0.14814814814814814 0.30133333333333334
0 0.5563607085346216 0.524 0.05152979066022544 0.12533333333333332
0 0.6727053140096618 0.6586666666666666 0.18115942028985507 0.37866666666666665
2 0.31199677938808373 0.564 0.021739130434782608 0.25333333333333335
2 0.3272946859903382 0.5426666666666666 0.015297906602254429 0.20533333333333334
0 0.45209339774557167 0.496 0.02818035426731079 0.08533333333333333
0 0.534621578099839 0.49733333333333335 0.0322061191626409 0.088
2 0.3325281803542673 0.5466666666666666 0.01288244766505636 0.208
0 0.5201288244766505 0.4786666666666667 0.020933977455716585 0.06666666666666667
