0 0.894524959742351 0.7853333333333333 0.20933977455716588 0.424
0 0.7822061191626409 0.744 0.2536231884057971 0.4693333333333333
0 0.6328502415458938 0.5933333333333334 0.11916264090177134 0.27466666666666667
0 0.4025764895330113 0.5346666666666666 0.05636070853462158 0.184
2 0.5805152979066023 0.5933333333333334 0.037037037037037035 0.24266666666666667
0 0.2962962962962963 0.6826666666666666 0.14492753623188406 0.336
0 0.12600644122383253 0.784 0.25201288244766507 0.4266666666666667
0 0.5615942028985508 0.536 0.04750402576489533 0.112
0 0.5853462157809984 0.548 0.05958132045088567 0.14666666666666667
0 0.44484702093397743 0.5013333333333333 0.023349436392914653 0.06933333333333333
