0 0.8385668276972624 0.7 0.321256038647343 0.5946666666666667
0 0.27334943639291465 0.6586666666666666 0.2938808373590982 0.6773333333333333
2 0.9637681159420289 0.5866666666666667 0.043478260869565216 0.4053333333333333
2 0.6368760064412239 0.5266666666666666 0.02254428341384863 0.17333333333333334
0 0.13647342995169082 0.6946666666666667 0.21497584541062803 0.38133333333333336
0 0.572061191626409 0.5546666666666666 0.0571658615136876 0.15466666666666667
0 0.5507246376811594 0.528 0.04830917874396135 0.13866666666666666
2 0.49114331723027377 0.488 0.004830917874396135 0.06933333333333333
2 0.4967793880837359 0.48933333333333334 0.008051529790660225 0.06666666666666667
0 0.44847020933977455 0.488 0.017713365539452495 0.058666666666666666
