0 0.48470209339774556 0.49733333333333335 0.01932367149758454 0.06133333333333333
0 0.41827697262479874 0.54 0.04750402576489533 0.12
0 0.7342995169082126 0.7253333333333334 0.22544283413848631 0.4746666666666667
0 0.6280193236714976 0.6146666666666667 0.12399355877616747 0.30133333333333334
0 0.5873590982286635 0.5653333333333334 0.071658615136876 0.21866666666666668
0 0.5503220611916264 0.532 0.04750402576489533 0.12
0 0.5245571658615137 0.5066666666666667 0.0249597423510467 0.07466666666666667
0 0.539049919484702 0.5213333333333333 0.036231884057971016 0.104
0 0.3309178743961353 0.5186666666666667 0.05475040257648953 0.06666666666666667
0 0.2616747181964573 0.52 0.061191626409017714 0.06933333333333333
2 0.6368760064412239 0.5266666666666666 0.020933977455716585 0.20533333333333334
