0 0.4766317485898469 0.511968085106383 0.018533440773569703 0.05053191489361702
0 0.11120064464141821 0.7513297872340425 0.22240128928283642 0.4920212765957447
0 0.038678485092667206 0.6170212765957447 0.07735697018533441 0.34574468085106386
0 0.59709911361805 0.6236702127659575 0.12087026591458501 0.27925531914893614
0 0.2876712328767123 0.6023936170212766 0.09830781627719581 0.19414893617021275
0 0.19419822723609992 0.5545212765957447 0.11925866236905722 0.2047872340425532
0 0.34206285253827556 0.5664893617021277 0.060435132957292505 0.13297872340425532
0 0.45245769540692987 0.535904255319149 0.0362610797743755 0.10904255319148937
0 0.28364222401289285 0.5412234042553191 0.05801772763900081 0.10372340425531915
0 0.3855761482675262 0.523936170212766 0.0265914585012087 0.06914893617021277
0 0.3134568896051571 0.511968085106383 0.043513295729250605 0.10372340425531915
0 0.3936341659951652 0.511968085106383 0.021756647864625302 0.05585106382978723
0 0.40531829170024175 0.4920212765957447 0.017727639000805803 0.07446808510638298
