0 0.13647342995169082 0.7813333333333333 0.27294685990338163 0.432
0 0.02818035426731079 0.792 0.05636070853462158 0.4106666666666667
0 0.5487117552334944 0.536 0.04428341384863124 0.11733333333333333
0 0.3003220611916264 0.652 0.13043478260869565 0.2693333333333333
0 0.7250402576489533 0.516 0.1537842190016103 0.152
0 0.6948470209339774 0.492 0.12399355877616747 0.168
0 0.3691626409017713 0.5426666666666666 0.04428341384863124 0.10933333333333334
0 0.30877616747181963 0.588 0.07648953301127215 0.152
0 0.6469404186795491 0.49333333333333335 0.09420289855072464 0.112
0 0.4001610305958132 0.528 0.030595813204508857 0.07466666666666667
0 0.92914653784219 0.43066666666666664 0.12721417069243157 0.14133333333333334
