0 0.09863123993558776 0.7826666666666666 0.1972624798711755 0.42933333333333334
0 0.2886473429951691 0.7293333333333333 0.18276972624798712 0.42933333333333334
0 0.3852657004830918 0.5266666666666666 0.09420289855072464 0.30666666666666664
0 0.8136070853462157 0.6586666666666666 0.3711755233494364 0.512
0 0.6823671497584541 0.5733333333333334 0.2246376811594203 0.25066666666666665
0 0.2073268921095008 0.6813333333333333 0.15539452495974235 0.30133333333333334
0 0.5821256038647343 0.5226666666666666 0.12077294685990338 0.16533333333333333
0 0.4331723027375201 0.5106666666666667 0.05152979066022544 0.14666666666666667
0 0.5233494363929146 0.508 0.028985507246376812 0.08266666666666667
2 0.463365539452496 0.48133333333333334 0.005636070853462158 0.050666666666666665
2 0.4673913043478261 0.48133333333333334 0.004025764895330112 0.050666666666666665
