2 0.26062091503267976 0.49594594594594593 0.016339869281045753 0.13243243243243244
2 0.33986928104575165 0.4851351351351351 0.011437908496732025 0.0945945945945946
2 0.2589869281045752 0.4689189189189189 0.011437908496732025 0.1
0 0.8288398692810458 0.5527027027027027 0.08905228758169935 0.13243243243243244
0 0.8941993464052288 0.5567567567567567 0.0988562091503268 0.12432432432432433
0 0.9477124183006536 0.5581081081081081 0.10294117647058823 0.12702702702702703
2 0.28145424836601307 0.47162162162162163 0.010620915032679739 0.10540540540540541
2 0.26919934640522875 0.4743243243243243 0.015522875816993464 0.0945945945945946
2 0.0494281045751634 0.5540540540540541 0.03349673202614379 0.2864864864864865
2 0.022058823529411766 0.5351351351351351 0.03758169934640523 0.2918918918918919
2 0.4440359477124183 0.5918918918918918 0.04493464052287582 0.3027027027027027
2 0.5608660130718954 0.5743243243243243 0.035130718954248366 0.3216216216216216
1 0.33455882352941174 0.5297297297297298 0.028594771241830064 0.1837837837837838
0 0.505718954248366 0.5 0.029411764705882353 0.07567567567567568
2 0.247140522875817 0.47162162162162163 0.010620915032679739 0.1
2 0.18586601307189543 0.47297297297297297 0.012254901960784314 0.11891891891891893
2 0.8758169934640523 0.522972972972973 0.0196078431372549 0.1
