0 0.06602254428341385 0.74 0.1320450885668277 0.5146666666666667
0 0.09702093397745572 0.6986666666666667 0.19404186795491143 0.464
0 0.14009661835748793 0.6306666666666667 0.28019323671497587 0.34933333333333333
0 0.17552334943639292 0.592 0.19001610305958133 0.2613333333333333
0 0.24436392914653784 0.5973333333333334 0.17149758454106281 0.21333333333333335
0 0.2644927536231884 0.556 0.16505636070853463 0.184
0 0.3136070853462158 0.528 0.11513687600644122 0.15466666666666667
0 0.32930756843800324 0.5106666666666667 0.1143317230273752 0.17333333333333334
1 0.4464573268921095 0.5053333333333333 0.010466988727858293 0.08266666666666667
0 0.7246376811594203 0.744 0.21256038647342995 0.45866666666666667
0 0.785024154589372 0.5973333333333334 0.21739130434782608 0.272
0 0.7294685990338164 0.5826666666666667 0.15619967793880837 0.21066666666666667
0 0.6867954911433173 0.564 0.12399355877616747 0.168
0 0.643719806763285 0.5413333333333333 0.11191626409017713 0.13866666666666666
0 0.6235909822866345 0.5333333333333333 0.10386473429951691 0.112
0 0.6167471819645732 0.516 0.08695652173913043 0.12533333333333332
0 0.3808373590982287 0.5026666666666667 0.07729468599033816 0.08266666666666667
0 0.39533011272141705 0.508 0.06602254428341385 0.07733333333333334
0 0.5253623188405797 0.5066666666666667 0.02818035426731079 0.06933333333333333
0 0.500402576489533 0.4653333333333333 0.012077294685990338 0.04533333333333334
