0 0.3839869281045752 0.5486486486486486 0.0784313725490196 0.1783783783783784
1 0.75 0.4648648648648649 0.05555555555555555 0.15675675675675677
1 0.6899509803921569 0.46621621621621623 0.04493464052287582 0.13783783783783785
2 0.4424019607843137 0.5054054054054054 0.022058823529411766 0.14054054054054055
1 0.5706699346405228 0.4743243243243243 0.03022875816993464 0.0945945945945946
2 0.3464052287581699 0.5094594594594595 0.017973856209150325 0.15405405405405406
2 0.2193627450980392 0.5364864864864864 0.025326797385620915 0.12162162162162163
2 0.21160130718954248 0.5405405405405406 0.026143790849673203 0.11891891891891893
1 0.2667483660130719 0.5378378378378378 0.05310457516339869 0.15675675675675677
2 0.2949346405228758 0.5202702702702703 0.016339869281045753 0.12162162162162163
2 0.28880718954248363 0.527027027027027 0.018790849673202614 0.14594594594594595
2 0.3545751633986928 0.5108108108108108 0.011437908496732025 0.15135135135135136
0 0.9031862745098039 0.43783783783783786 0.09558823529411764 0.0918918918918919
