0 0.5169082125603864 0.5546666666666666 0.05475040257648953 0.17066666666666666
0 0.9512882447665056 0.7293333333333333 0.09581320450885668 0.536
0 0.714170692431562 0.6053333333333333 0.16747181964573268 0.2826666666666667
0 0.03180354267310789 0.624 0.06360708534621579 0.30933333333333335
0 0.24194847020933977 0.6133333333333333 0.1570048309178744 0.22933333333333333
0 0.4464573268921095 0.5 0.036231884057971016 0.088
0 0.22423510466988728 0.568 0.10869565217391304 0.16
0 0.36272141706924316 0.5293333333333333 0.05877616747181964 0.088
0 0.5475040257648953 0.49066666666666664 0.03542673107890499 0.06933333333333333
0 0.570450885668277 0.4786666666666667 0.018518518518518517 0.04533333333333334
0 0.09259259259259259 0.5786666666666667 0.14170692431561996 0.16
