0 0.8377616747181964 0.7493333333333333 0.32286634460547503 0.496
0 0.37640901771336555 0.52 0.07971014492753623 0.10133333333333333
2 0.35990338164251207 0.5266666666666666 0.014492753623188406 0.152
1 0.7741545893719807 0.544 0.08132045088566828 0.19733333333333333
0 0.5776972624798712 0.492 0.06682769726247988 0.08266666666666667
0 0.7447665056360708 0.4826666666666667 0.07890499194847021 0.07466666666666667
0 0.9557165861513688 0.4693333333333333 0.08695652173913043 0.10133333333333333
0 0.4102254428341385 0.5106666666666667 0.0571658615136876 0.07733333333333334
0 0.20974235104669886 0.5253333333333333 0.06360708534621579 0.08
0 0.47061191626409016 0.48533333333333334 0.020128824476650563 0.042666666666666665
0 0.44082125603864736 0.492 0.023349436392914653 0.04533333333333334
