0 0.14774557165861513 0.616 0.10547504025764895 0.176
0 0.41505636070853463 0.5026666666666667 0.029790660225442835 0.088
0 0.3639291465378422 0.48133333333333334 0.03864734299516908 0.09866666666666667
0 0.32004830917874394 0.5453333333333333 0.05394524959742351 0.11466666666666667
0 0.26006441223832527 0.5533333333333333 0.061191626409017714 0.10933333333333334
1 0.21698872785829307 0.5733333333333334 0.0426731078904992 0.19733333333333333
2 0.37922705314009664 0.504 0.00644122383252818 0.064
0 0.9400161030595813 0.5333333333333333 0.11835748792270531 0.29333333333333333
0 0.24758454106280192 0.5173333333333333 0.05233494363929147 0.05333333333333334
0 0.7870370370370371 0.44666666666666666 0.029790660225442835 0.050666666666666665
