0 0.8844605475040258 0.5226666666666666 0.17310789049919484 0.26666666666666666
0 0.9392109500805152 0.5373333333333333 0.11996779388083736 0.17866666666666667
0 0.11674718196457327 0.6906666666666667 0.23349436392914655 0.368
0 0.1497584541062802 0.6266666666666667 0.22544283413848631 0.2826666666666667
0 0.21457326892109502 0.5786666666666667 0.2278582930756844 0.26666666666666666
0 0.31602254428341386 0.5373333333333333 0.13285024154589373 0.17866666666666667
0 0.3309178743961353 0.548 0.12238325281803543 0.13066666666666665
0 0.2612721417069243 0.56 0.16505636070853463 0.18666666666666668
0 0.8164251207729468 0.49866666666666665 0.09822866344605476 0.144
0 0.5756843800322061 0.5013333333333333 0.07568438003220612 0.09066666666666667
