0 0.25966183574879226 0.652 0.15056360708534622 0.2853333333333333
0 0.9726247987117552 0.7573333333333333 0.05314009661835749 0.48
0 0.8337359098228664 0.7466666666666667 0.3003220611916264 0.5013333333333333
0 0.3393719806763285 0.584 0.0893719806763285 0.176
0 0.6731078904991948 0.6146666666666667 0.12238325281803543 0.264
0 0.37640901771336555 0.556 0.06843800322061191 0.13066666666666665
0 0.6171497584541062 0.5653333333333334 0.08293075684380032 0.18133333333333335
0 0.4331723027375201 0.5146666666666667 0.030595813204508857 0.07466666666666667
0 0.5917874396135265 0.5413333333333333 0.05475040257648953 0.13866666666666666
0 0.5793075684380032 0.524 0.04106280193236715 0.10933333333333334
