0 0.05233494363929147 0.7386666666666667 0.10466988727858294 0.5173333333333333
0 0.6541867954911433 0.6573333333333333 0.1360708534621578 0.296
0 0.11956521739130435 0.664 0.2391304347826087 0.368
0 0.1723027375201288 0.6146666666666667 0.21578099838969403 0.328
0 0.2532206119162641 0.564 0.1457326892109501 0.216
0 0.6940418679549114 0.58 0.14170692431561996 0.152
0 0.6159420289855072 0.5173333333333333 0.0966183574879227 0.12266666666666666
0 0.3285024154589372 0.496 0.10628019323671498 0.18133333333333335
0 0.5281803542673108 0.476 0.037037037037037035 0.12533333333333332
0 0.37318840579710144 0.5053333333333333 0.07809983896940419 0.088
0 0.394122383252818 0.49333333333333335 0.06682769726247988 0.09066666666666667
0 0.5128824476650563 0.4666666666666667 0.024154589371980676 0.096
0 0.4331723027375201 0.468 0.04508856682769726 0.072
