0 0.4891304347826087 0.5066666666666667 0.020128824476650563 0.064
0 0.16505636070853463 0.7706666666666667 0.33011272141706927 0.4533333333333333
0 0.8981481481481481 0.7386666666666667 0.20209339774557167 0.5173333333333333
0 0.8083735909822867 0.7226666666666667 0.30434782608695654 0.5493333333333333
0 0.5998389694041868 0.5893333333333334 0.09178743961352658 0.21866666666666668
0 0.5422705314009661 0.5253333333333333 0.036231884057971016 0.10133333333333333
0 0.571256038647343 0.5546666666666666 0.06038647342995169 0.16533333333333333
0 0.2894524959742351 0.5533333333333333 0.07326892109500806 0.088
0 0.19685990338164253 0.56 0.08293075684380032 0.09066666666666667
0 0.5249597423510467 0.5053333333333333 0.02254428341384863 0.06133333333333333
2 0.7898550724637681 0.6106666666666667 0.04186795491143317 0.4533333333333333
