0 0.5112721417069244 0.5573333333333333 0.05475040257648953 0.17066666666666666
0 0.892914653784219 0.728 0.21256038647342995 0.5386666666666666
0 0.6851851851851852 0.5906666666666667 0.1497584541062802 0.24266666666666667
0 0.05314009661835749 0.624 0.10628019323671498 0.30933333333333335
0 0.30193236714975846 0.58 0.10950080515297907 0.17333333333333334
0 0.4537037037037037 0.49866666666666665 0.033011272141706925 0.08
0 0.23993558776167473 0.5613333333333334 0.09822866344605476 0.14666666666666667
0 0.36594202898550726 0.5266666666666666 0.05555555555555555 0.08266666666666667
0 0.535024154589372 0.49333333333333335 0.03462157809983897 0.06933333333333333
0 0.5611916264090178 0.48133333333333334 0.01932367149758454 0.04533333333333334
0 0.11835748792270531 0.5693333333333334 0.12721417069243157 0.14666666666666667
