0 0.49074074074074076 0.5293333333333333 0.04428341384863124 0.12
0 0.14251207729468598 0.772 0.28502415458937197 0.45066666666666666
0 0.0889694041867955 0.7253333333333334 0.177938808373591 0.4106666666666667
0 0.2749597423510467 0.5813333333333334 0.11996779388083736 0.192
0 0.30998389694041867 0.5546666666666666 0.10950080515297907 0.176
0 0.3530595813204509 0.5333333333333333 0.07971014492753623 0.10666666666666667
0 0.43800322061191627 0.5346666666666666 0.043478260869565216 0.104
0 0.394524959742351 0.5053333333333333 0.06602254428341385 0.088
0 0.5857487922705314 0.5653333333333334 0.071658615136876 0.17066666666666666
0 0.5684380032206119 0.44133333333333336 0.07246376811594203 0.27466666666666667
2 0.6328502415458938 0.5133333333333333 0.01932367149758454 0.15733333333333333
0 0.04066022544283414 0.576 0.08132045088566828 0.16
0 0.49114331723027377 0.504 0.028985507246376812 0.08533333333333333
0 0.22302737520128824 0.5173333333333333 0.05958132045088567 0.09066666666666667
