0 0.49516908212560384 0.5346666666666666 0.04830917874396135 0.13066666666666665
0 0.09742351046698873 0.7546666666666667 0.19484702093397746 0.48533333333333334
0 0.25523349436392917 0.5653333333333334 0.12238325281803543 0.21333333333333335
0 0.3752012882447665 0.6133333333333333 0.1143317230273752 0.22933333333333333
0 0.4082125603864734 0.5586666666666666 0.06280193236714976 0.17333333333333334
0 0.3522544283413849 0.5226666666666666 0.07648953301127215 0.112
0 0.8172302737520128 0.49866666666666665 0.004830917874396135 0.9973333333333333
2 0.7922705314009661 0.74 0.07890499194847021 0.5146666666666667
0 0.714975845410628 0.7133333333333334 0.22061191626409019 0.44533333333333336
0 0.6239935587761675 0.612 0.11594202898550725 0.232
0 0.5821256038647343 0.54 0.06602254428341385 0.17333333333333334
0 0.5301932367149759 0.5093333333333333 0.029790660225442835 0.07466666666666667
0 0.5277777777777778 0.444 0.03784219001610306 0.152
0 0.03140096618357488 0.5586666666666666 0.06280193236714976 0.4186666666666667
0 0.48792270531400966 0.5066666666666667 0.030595813204508857 0.09066666666666667
0 0.16988727858293076 0.516 0.07568438003220612 0.104
