0 0.501207729468599 0.5626666666666666 0.0571658615136876 0.15466666666666667
0 0.04508856682769726 0.576 0.09017713365539452 0.24533333333333332
0 0.6694847020933977 0.58 0.1457326892109501 0.41333333333333333
2 0.18840579710144928 0.6906666666666667 0.06602254428341385 0.6133333333333333
0 0.1642512077294686 0.524 0.1111111111111111 0.184
0 0.3003220611916264 0.5786666666666667 0.13687600644122383 0.24
0 0.3305152979066023 0.564 0.1215780998389694 0.17333333333333334
0 0.3603059581320451 0.5493333333333333 0.11191626409017713 0.144
0 0.40217391304347827 0.5306666666666666 0.07004830917874397 0.112
0 0.43196457326892107 0.5053333333333333 0.05233494363929147 0.06666666666666667
0 0.5881642512077294 0.5493333333333333 0.05877616747181964 0.128
0 0.5676328502415459 0.516 0.04508856682769726 0.11466666666666667
2 0.5479066022544283 0.516 0.010466988727858293 0.09866666666666667
0 0.49033816425120774 0.524 0.0322061191626409 0.09866666666666667
0 0.23429951690821257 0.508 0.06763285024154589 0.09333333333333334
