0 0.05112721417069243 0.7333333333333333 0.10225442834138486 0.528
0 0.10185185185185185 0.6213333333333333 0.2037037037037037 0.48533333333333334
1 0.36996779388083734 0.5813333333333334 0.03140096618357488 0.20266666666666666
0 0.961352657004831 0.7533333333333333 0.07568438003220612 0.488
0 0.8735909822866345 0.7173333333333334 0.25120772946859904 0.45866666666666667
0 0.7995169082125604 0.648 0.27697262479871176 0.2986666666666667
0 0.749597423510467 0.588 0.20450885668276972 0.2853333333333333
0 0.28019323671497587 0.564 0.143317230273752 0.152
0 0.31280193236714976 0.5493333333333333 0.11674718196457327 0.13333333333333333
0 0.5314009661835749 0.54 0.04669887278582931 0.11466666666666667
0 0.3752012882447665 0.5133333333333333 0.06280193236714976 0.08266666666666667
0 0.5088566827697263 0.5066666666666667 0.02576489533011272 0.06933333333333333
0 0.48993558776167473 0.472 0.013687600644122383 0.05333333333333334
