2 0.9325525040387722 0.6671122994652406 0.1332794830371567 0.660427807486631
2 0.5739095315024233 0.6724598930481284 0.05411954765751212 0.4625668449197861
2 0.1050080775444265 0.6871657754010695 0.210016155088853 0.6203208556149733
1 0.23424878836833601 0.7232620320855615 0.1987075928917609 0.5481283422459893
2 0.7782714054927302 0.5374331550802139 0.033117932148626815 0.39572192513368987
2 0.7984652665589661 0.5574866310160428 0.04765751211631664 0.3449197860962567
2 0.26453957996768984 0.7473262032085561 0.07189014539579967 0.3449197860962567
2 0.342891760904685 0.6176470588235294 0.049273021001615507 0.18181818181818182
2 0.4067043618739903 0.5427807486631016 0.015347334410339256 0.1711229946524064
2 0.3921647819063005 0.5481283422459893 0.015347334410339256 0.16042780748663102
2 0.46122778675282716 0.5441176470588235 0.01615508885298869 0.17379679144385027
2 0.47253634894991925 0.5187165775401069 0.012924071082390954 0.13368983957219252
2 0.4882875605815832 0.5387700534759359 0.013731825525040387 0.16310160427807488
2 0.41033925686591277 0.536096256684492 0.01615508885298869 0.16310160427807488
