0 0.49557165861513686 0.5066666666666667 0.021739130434782608 0.06933333333333333
0 0.6179549114331723 0.5906666666666667 0.09742351046698873 0.232
0 0.8502415458937198 0.7373333333333333 0.29790660225442833 0.52
0 0.13727858293075684 0.6106666666666667 0.1457326892109501 0.16533333333333333
0 0.026972624798711754 0.6173333333333333 0.05394524959742351 0.168
0 0.5893719806763285 0.5586666666666666 0.0644122383252818 0.17333333333333334
2 0.5760869565217391 0.5053333333333333 0.008856682769726247 0.09866666666666667
0 0.5491143317230274 0.5186666666666667 0.03542673107890499 0.09333333333333334
0 0.5281803542673108 0.49333333333333335 0.01932367149758454 0.064
0 0.38808373590982287 0.524 0.0322061191626409 0.07733333333333334
0 0.4025764895330113 0.5133333333333333 0.027375201288244767 0.06133333333333333
