0 0.49838969404186795 0.5293333333333333 0.04830917874396135 0.13066666666666665
0 0.1247987117552335 0.6986666666666667 0.23349436392914655 0.4
0 0.2290660225442834 0.6346666666666667 0.1682769726247987 0.26666666666666666
0 0.3148148148148148 0.5466666666666666 0.09339774557165861 0.16
0 0.40901771336553944 0.5706666666666667 0.07729468599033816 0.16
0 0.37640901771336555 0.5133333333333333 0.06521739130434782 0.09333333333333334
0 0.8160225442834138 0.49866666666666665 0.3663446054750403 0.9973333333333333
2 0.6618357487922706 0.62 0.0322061191626409 0.30133333333333334
0 0.6316425120772947 0.5906666666666667 0.11996779388083736 0.25866666666666666
0 0.5905797101449275 0.5533333333333333 0.07809983896940419 0.16266666666666665
0 0.5656199677938808 0.5106666666666667 0.050724637681159424 0.136
0 0.5293880837359098 0.49733333333333335 0.026570048309178744 0.06666666666666667
0 0.09500805152979067 0.5546666666666666 0.19001610305958133 0.368
0 0.4927536231884058 0.5026666666666667 0.030595813204508857 0.09333333333333334
0 0.22020933977455717 0.5093333333333333 0.06038647342995169 0.08533333333333333
