0 0.5 0.564 0.05314009661835749 0.14666666666666667
0 0.8345410628019324 0.6306666666666667 0.32930756843800324 0.7333333333333333
0 0.06239935587761675 0.5613333333333334 0.1247987117552335 0.2693333333333333
0 0.1932367149758454 0.6773333333333333 0.20611916264090177 0.432
0 0.2669082125603865 0.6226666666666667 0.16988727858293076 0.264
0 0.3192431561996779 0.5986666666666667 0.1473429951690821 0.20533333333333334
0 0.38446054750402575 0.5506666666666666 0.0861513687600644 0.14133333333333334
0 0.42632850241545894 0.5173333333333333 0.05877616747181964 0.08
0 0.6256038647342995 0.5866666666666667 0.0853462157809984 0.176
0 0.5885668276972624 0.5373333333333333 0.057971014492753624 0.14133333333333334
2 0.5555555555555556 0.532 0.014492753623188406 0.12
0 0.49557165861513686 0.5226666666666666 0.03140096618357488 0.096
0 0.18478260869565216 0.52 0.0861513687600644 0.112
0 0.6630434782608695 0.4786666666666667 0.071658615136876 0.09333333333333334
