0 0.5503220611916264 0.52 0.03462157809983897 0.08533333333333333
0 0.3888888888888889 0.5053333333333333 0.09822866344605476 0.13066666666666665
0 0.38164251207729466 0.528 0.0966183574879227 0.10133333333333333
0 0.3470209339774557 0.5453333333333333 0.11916264090177134 0.12533333333333332
0 0.33776167471819646 0.548 0.12962962962962962 0.14666666666666667
0 0.32326892109500804 0.5653333333333334 0.13446054750402575 0.16
0 0.28703703703703703 0.576 0.1473429951690821 0.192
0 0.15257648953301128 0.628 0.2181964573268921 0.2853333333333333
0 0.11755233494363929 0.6906666666666667 0.23510466988727857 0.352
0 0.534621578099839 0.484 0.03542673107890499 0.09866666666666667
