0 0.8313204508856683 0.7453333333333333 0.3357487922705314 0.504
0 0.2616747181964573 0.6973333333333334 0.15942028985507245 0.312
0 0.5970209339774557 0.5893333333333334 0.0861513687600644 0.21333333333333335
0 0.35950080515297905 0.5813333333333334 0.07809983896940419 0.18133333333333335
0 0.40700483091787437 0.5373333333333333 0.036231884057971016 0.09866666666666667
1 0.4613526570048309 0.5053333333333333 0.008051529790660225 0.06133333333333333
1 0.47061191626409016 0.5 0.007246376811594203 0.056
0 0.428341384863124 0.5213333333333333 0.02576489533011272 0.06133333333333333
0 0.5169082125603864 0.496 0.01610305958132045 0.042666666666666665
0 0.5430756843800322 0.52 0.039452495974235106 0.10666666666666667
