0 0.4786462530217567 0.5159574468085106 0.0273972602739726 0.0797872340425532
0 0.032232070910556 0.6821808510638298 0.064464141821112 0.32180851063829785
0 0.13819500402900886 0.6117021276595744 0.16841257050765512 0.26063829787234044
0 0.3041901692183723 0.625 0.1232876712328767 0.24468085106382978
0 0.26833199033037874 0.5651595744680851 0.07735697018533441 0.1196808510638298
0 0.3807413376309428 0.550531914893617 0.053988718775181306 0.12234042553191489
0 0.3372280419016922 0.5305851063829787 0.0443190975020145 0.09840425531914894
0 0.40370668815471394 0.5292553191489362 0.037066881547139406 0.0851063829787234
0 0.4234488315874295 0.523936170212766 0.0265914585012087 0.06382978723404255
0 0.24778404512489927 0.526595744680851 0.07010475423045931 0.13297872340425532
