0 0.0966183574879227 0.78 0.1932367149758454 0.43466666666666665
0 0.9802737520128825 0.764 0.03784219001610306 0.4666666666666667
0 0.8152173913043478 0.736 0.3276972624798712 0.5226666666666666
0 0.22745571658615138 0.6493333333333333 0.14090177133655393 0.2693333333333333
0 0.6159420289855072 0.576 0.09017713365539452 0.192
0 0.3421900161030596 0.5666666666666667 0.07729468599033816 0.14666666666666667
0 0.5801127214170693 0.5533333333333333 0.06521739130434782 0.14133333333333334
0 0.40177133655394526 0.5186666666666667 0.033816425120772944 0.088
0 0.5515297906602254 0.5226666666666666 0.04186795491143317 0.10133333333333333
0 0.4335748792270531 0.49066666666666664 0.04428341384863124 0.048
