2 0.9139741518578353 0.6377005347593583 0.1704361873990307 0.7192513368983957
2 0.9067043618739903 0.5975935828877005 0.08966074313408724 0.6871657754010695
2 0.27221324717285944 0.7379679144385026 0.09369951534733441 0.3422459893048128
2 0.06623586429725363 0.8743315508021391 0.13247172859450726 0.24598930481283424
2 0.4079159935379645 0.5748663101604278 0.025848142164781908 0.2994652406417112
2 0.3877221324717286 0.5855614973262032 0.03231017770597738 0.2887700534759358
2 0.4939418416801292 0.5240641711229946 0.025040387722132473 0.20320855614973263
2 0.5016155088852988 0.4959893048128342 0.01938610662358643 0.14705882352941177
2 0.5395799676898223 0.5240641711229946 0.014539579967689823 0.19786096256684493
2 0.5884491114701131 0.4959893048128342 0.016962843295638127 0.16844919786096257
0 0.45840064620355414 0.4786096256684492 0.02665589660743134 0.06951871657754011
2 0.3683360258481422 0.5334224598930482 0.017770597738287562 0.20053475935828877
2 0.5630048465266559 0.5133689839572193 0.014539579967689823 0.1711229946524064
