0 0.2524154589371981 0.7333333333333333 0.25201288244766507 0.528
0 0.8156199677938808 0.6986666666666667 0.3671497584541063 0.5973333333333334
0 0.36312399355877617 0.6213333333333333 0.1320450885668277 0.272
0 0.5543478260869565 0.516 0.04911433172302738 0.12
0 0.6525764895330113 0.636 0.1537842190016103 0.3333333333333333
2 0.3252818035426731 0.544 0.017713365539452495 0.24
2 0.33735909822866345 0.5346666666666666 0.011272141706924315 0.19466666666666665
0 0.45491143317230276 0.48933333333333334 0.027375201288244767 0.08266666666666667
0 0.535024154589372 0.49333333333333335 0.03140096618357488 0.08533333333333333
2 0.34299516908212563 0.5373333333333333 0.01288244766505636 0.2
0 0.5213365539452496 0.476 0.020128824476650563 0.06666666666666667
