0 0.9476650563607085 0.588 0.10305958132045089 0.3333333333333333
0 0.8703703703703703 0.544 0.15942028985507245 0.25066666666666665
0 0.8309178743961353 0.7586666666666667 0.3365539452495974 0.47733333333333333
0 0.10466988727858294 0.7506666666666667 0.20933977455716588 0.49333333333333335
0 0.22987117552334943 0.6533333333333333 0.23752012882447665 0.5386666666666666
0 0.7999194847020934 0.5413333333333333 0.1280193236714976 0.19733333333333333
0 0.7125603864734299 0.5066666666666667 0.13526570048309178 0.18666666666666668
0 0.7045088566827697 0.5026666666666667 0.15942028985507245 0.17866666666666667
0 0.3329307568438003 0.5946666666666667 0.11352657004830918 0.2613333333333333
0 0.37640901771336555 0.5706666666666667 0.071658615136876 0.17066666666666666
0 0.5064412238325282 0.45466666666666666 0.08051529790660225 0.232
