0 0.9774557165861514 0.604 0.043478260869565216 0.36
0 0.9061996779388084 0.5733333333333334 0.17310789049919484 0.288
0 0.8474235104669887 0.776 0.3035426731078905 0.44266666666666665
0 0.051932367149758456 0.7613333333333333 0.10386473429951691 0.472
0 0.15780998389694043 0.6813333333333333 0.31561996779388085 0.632
0 0.82085346215781 0.556 0.1392914653784219 0.216
0 0.7190016103059581 0.5173333333333333 0.14653784219001612 0.20266666666666666
0 0.7093397745571659 0.5053333333333333 0.1706924315619968 0.19466666666666665
0 0.3031400966183575 0.6293333333333333 0.12962962962962962 0.2986666666666667
0 0.355475040257649 0.5813333333333334 0.08132045088566828 0.192
0 0.5 0.4573333333333333 0.08856682769726248 0.24266666666666667
