0 0.46296296296296297 0.536 0.03864734299516908 0.10133333333333333
0 0.16223832528180354 0.7893333333333333 0.3244766505636071 0.416
0 0.3148148148148148 0.7133333333333334 0.18035426731078905 0.41333333333333333
0 0.23711755233494364 0.596 0.1537842190016103 0.23733333333333334
0 0.3280998389694042 0.5426666666666666 0.09420289855072464 0.11466666666666667
0 0.3538647342995169 0.5293333333333333 0.07326892109500806 0.10933333333333334
0 0.38164251207729466 0.52 0.0644122383252818 0.08
0 0.3977455716586151 0.516 0.04830917874396135 0.072
0 0.4057971014492754 0.49733333333333335 0.05152979066022544 0.08266666666666667
0 0.7814009661835749 0.49866666666666665 0.3389694041867955 0.9973333333333333
0 0.5615942028985508 0.5626666666666666 0.06521739130434782 0.16533333333333333
0 0.5309983896940419 0.5293333333333333 0.04106280193236715 0.104
0 0.5165056360708534 0.45866666666666667 0.04750402576489533 0.19733333333333333
0 0.12359098228663445 0.5533333333333333 0.10225442834138486 0.12533333333333332
0 0.463768115942029 0.5146666666666667 0.027375201288244767 0.08
