0 0.5217391304347826 0.6346666666666667 0.10950080515297907 0.3413333333333333
0 0.8393719806763285 0.72 0.24557165861513688 0.5546666666666666
0 0.6090982286634461 0.5186666666666667 0.0893719806763285 0.13066666666666665
0 0.572463768115942 0.504 0.05314009661835749 0.08533333333333333
0 0.5571658615136876 0.49733333333333335 0.0499194847020934 0.06666666666666667
0 0.04750402576489533 0.6293333333333333 0.09500805152979067 0.272
0 0.1719001610305958 0.5893333333333334 0.11513687600644122 0.16
0 0.3272946859903382 0.5226666666666666 0.05233494363929147 0.08533333333333333
0 0.3530595813204509 0.508 0.036231884057971016 0.088
0 0.39049919484702095 0.49733333333333335 0.0322061191626409 0.06133333333333333
0 0.4303542673107891 0.49066666666666664 0.029790660225442835 0.042666666666666665
0 0.24355877616747182 0.5186666666666667 0.05555555555555555 0.088
