0 0.1719001610305958 0.76 0.321256038647343 0.4746666666666667
2 0.677536231884058 0.52 0.021739130434782608 0.20266666666666666
0 0.6827697262479872 0.616 0.11755233494363929 0.2613333333333333
0 0.6352657004830918 0.5573333333333333 0.07568438003220612 0.17066666666666666
0 0.39895330112721417 0.5773333333333334 0.07648953301127215 0.17333333333333334
0 0.42995169082125606 0.5453333333333333 0.04830917874396135 0.12533333333333332
0 0.6026570048309179 0.544 0.05394524959742351 0.128
0 0.4504830917874396 0.5306666666666666 0.039452495974235106 0.112
0 0.48470209339774556 0.5173333333333333 0.03864734299516908 0.08533333333333333
0 0.5547504025764896 0.49866666666666665 0.040257648953301126 0.064
