0 0.15982286634460546 0.756 0.3196457326892109 0.4826666666666667
0 0.34782608695652173 0.6453333333333333 0.11272141706924316 0.2826666666666667
0 0.4029790660225443 0.52 0.07326892109500806 0.24
0 0.08091787439613526 0.7786666666666666 0.16183574879227053 0.43733333333333335
0 0.714170692431562 0.6013333333333334 0.2640901771336554 0.3333333333333333
0 0.6388888888888888 0.568 0.17310789049919484 0.19733333333333333
0 0.27093397745571657 0.6386666666666667 0.10547504025764895 0.22666666666666666
0 0.5652173913043478 0.5186666666666667 0.10305958132045089 0.14133333333333334
0 0.4392109500805153 0.5093333333333333 0.0426731078904992 0.128
0 0.5181159420289855 0.512 0.026570048309178744 0.07466666666666667
