0 0.04589371980676329 0.844 0.09178743961352658 0.30666666666666664
0 0.14049919484702095 0.776 0.2809983896940419 0.44266666666666665
0 0.2962962962962963 0.6773333333333333 0.143317230273752 0.29333333333333333
0 0.8091787439613527 0.744 0.35426731078904994 0.5066666666666667
0 0.644927536231884 0.616 0.11755233494363929 0.272
0 0.8731884057971014 0.488 0.15539452495974235 0.21333333333333335
0 0.5374396135265701 0.5213333333333333 0.039452495974235106 0.09333333333333334
0 0.4891304347826087 0.5186666666666667 0.03140096618357488 0.056
0 0.4601449275362319 0.5066666666666667 0.03462157809983897 0.048
1 0.3993558776167472 0.512 0.011272141706924315 0.064
