0 0.5 0.532 0.04508856682769726 0.14133333333333334
0 0.7302737520128825 0.6266666666666667 0.18840579710144928 0.33066666666666666
0 0.677536231884058 0.576 0.14090177133655393 0.23466666666666666
0 0.6501610305958132 0.5346666666666666 0.11191626409017713 0.19466666666666665
0 0.5942028985507246 0.5013333333333333 0.0966183574879227 0.16
0 0.5700483091787439 0.5066666666666667 0.07085346215780998 0.096
0 0.5454911433172303 0.488 0.04589371980676329 0.064
0 0.2830112721417069 0.524 0.06360708534621579 0.11466666666666667
0 0.4142512077294686 0.472 0.03784219001610306 0.112
0 0.32085346215780997 0.5173333333333333 0.04589371980676329 0.09066666666666667
0 0.3506441223832528 0.5133333333333333 0.03462157809983897 0.06133333333333333
0 0.392914653784219 0.49333333333333335 0.027375201288244767 0.048
0 0.26529790660225444 0.5146666666666667 0.03784219001610306 0.07466666666666667
0 0.012077294685990338 0.5226666666666666 0.024154589371980676 0.09066666666666667
