0 0.5181159420289855 0.6213333333333333 0.09903381642512077 0.30933333333333335
0 0.7870370370370371 0.676 0.21980676328502416 0.45066666666666666
0 0.6030595813204509 0.516 0.08373590982286634 0.12533333333333332
0 0.5696457326892109 0.5026666666666667 0.05233494363929147 0.08266666666666667
0 0.5543478260869565 0.496 0.04911433172302738 0.064
0 0.06320450885668277 0.6213333333333333 0.12640901771336555 0.272
0 0.19162640901771336 0.58 0.10466988727858294 0.14666666666666667
0 0.3325281803542673 0.5213333333333333 0.0499194847020934 0.08266666666666667
0 0.35668276972624796 0.5066666666666667 0.03542673107890499 0.08533333333333333
0 0.392512077294686 0.496 0.03140096618357488 0.058666666666666666
0 0.4307568438003221 0.49066666666666664 0.028985507246376812 0.042666666666666665
0 0.2528180354267311 0.516 0.05314009661835749 0.08266666666666667
