0 0.1388888888888889 0.768 0.2777777777777778 0.45866666666666667
0 0.3244766505636071 0.6786666666666666 0.14009661835748793 0.33866666666666667
0 0.39492753623188404 0.5213333333333333 0.08293075684380032 0.2693333333333333
0 0.0430756843800322 0.7973333333333333 0.0861513687600644 0.4
0 0.7616747181964574 0.624 0.32367149758454106 0.4053333333333333
0 0.6578099838969405 0.5706666666666667 0.19484702093397746 0.21866666666666668
0 0.2431561996779388 0.656 0.12721417069243157 0.2613333333333333
0 0.572463768115942 0.5213333333333333 0.1111111111111111 0.152
0 0.4363929146537842 0.5093333333333333 0.04669887278582931 0.13866666666666666
0 0.5205314009661836 0.5093333333333333 0.026570048309178744 0.08
2 0.4613526570048309 0.48533333333333334 0.00644122383252818 0.048
2 0.464170692431562 0.484 0.005636070853462158 0.050666666666666665
