0 0.49114331723027377 0.504 0.01932367149758454 0.058666666666666666
0 0.8804347826086957 0.7786666666666666 0.23752012882447665 0.43733333333333335
0 0.749194847020934 0.744 0.26006441223832527 0.5066666666666667
0 0.4504830917874396 0.5133333333333333 0.0249597423510467 0.06666666666666667
0 0.5958132045088567 0.5706666666666667 0.07246376811594203 0.18133333333333335
0 0.5684380032206119 0.5453333333333333 0.05958132045088567 0.15733333333333333
0 0.5547504025764896 0.5293333333333333 0.04186795491143317 0.13066666666666665
0 0.5370370370370371 0.5186666666666667 0.0322061191626409 0.088
0 0.3643317230273752 0.5146666666666667 0.04428341384863124 0.05333333333333334
0 0.30636070853462155 0.5186666666666667 0.04911433172302738 0.056
2 0.5990338164251208 0.508 0.014492753623188406 0.14133333333333334
