0 0.48429951690821255 0.5333333333333333 0.04589371980676329 0.12266666666666666
0 0.10104669887278583 0.7546666666666667 0.20209339774557167 0.48533333333333334
0 0.18115942028985507 0.6773333333333333 0.22061191626409019 0.3893333333333333
0 0.31521739130434784 0.568 0.11674718196457327 0.176
0 0.36835748792270534 0.5346666666666666 0.09259259259259259 0.136
0 0.4194847020933977 0.49866666666666665 0.061191626409017714 0.08533333333333333
0 0.7652979066022544 0.7146666666666667 0.24396135265700483 0.432
0 0.5696457326892109 0.5333333333333333 0.04911433172302738 0.112
0 0.532608695652174 0.47733333333333333 0.03140096618357488 0.10666666666666667
0 0.2584541062801932 0.5346666666666666 0.07407407407407407 0.12
0 0.4915458937198068 0.5093333333333333 0.029790660225442835 0.09066666666666667
0 0.03462157809983897 0.5573333333333333 0.06924315619967794 0.14933333333333335
0 0.18035426731078905 0.5186666666666667 0.07729468599033816 0.09866666666666667
