2 0.9038772213247173 0.6657754010695187 0.10016155088852989 0.6631016042780749
2 0.5476575121163166 0.6457219251336899 0.051696284329563816 0.4197860962566845
2 0.22132471728594508 0.7058823529411765 0.10339256865912763 0.5828877005347594
2 0.8962035541195477 0.6270053475935828 0.20597738287560582 0.7406417112299465
1 0.32148626817447495 0.7259358288770054 0.1050080775444265 0.5427807486631016
2 0.7580775444264943 0.5320855614973262 0.0395799676898223 0.3582887700534759
2 0.2956381260096931 0.696524064171123 0.05977382875605816 0.2914438502673797
2 0.348546042003231 0.6189839572192514 0.04604200323101777 0.16844919786096257
2 0.4018578352180937 0.536096256684492 0.015347334410339256 0.15775401069518716
2 0.3893376413570275 0.5414438502673797 0.014539579967689823 0.14705882352941177
2 0.45840064620355414 0.5427807486631016 0.018578352180936994 0.1657754010695187
2 0.4834410339256866 0.5387700534759359 0.012116316639741519 0.15775401069518716
2 0.41922455573505657 0.5334224598930482 0.01615508885298869 0.15775401069518716
