0 0.6485507246376812 0.632 0.1457326892109501 0.3253333333333333
0 0.09420289855072464 0.6333333333333333 0.18840579710144928 0.23733333333333334
0 0.8747987117552335 0.752 0.24879227053140096 0.49066666666666664
0 0.5933977455716586 0.556 0.07568438003220612 0.19466666666666665
0 0.34299516908212563 0.5906666666666667 0.08373590982286634 0.184
0 0.3788244766505636 0.5453333333333333 0.05877616747181964 0.15733333333333333
0 0.5551529790660226 0.5293333333333333 0.04750402576489533 0.12533333333333332
0 0.40942028985507245 0.528 0.0426731078904992 0.12266666666666666
0 0.5495169082125604 0.512 0.04428341384863124 0.096
0 0.5370370370370371 0.4666666666666667 0.043478260869565216 0.14933333333333335
0 0.4396135265700483 0.49866666666666665 0.01932367149758454 0.042666666666666665
