0 0.11835748792270531 0.768 0.23671497584541062 0.45866666666666667
0 0.5801127214170693 0.5773333333333334 0.09420289855072464 0.21066666666666667
0 0.15780998389694043 0.7466666666666667 0.31561996779388085 0.5013333333333333
2 0.05998389694041868 0.6893333333333334 0.05233494363929147 0.5733333333333334
2 0.15177133655394526 0.6293333333333333 0.02818035426731079 0.4053333333333333
0 0.42632850241545894 0.5173333333333333 0.039452495974235106 0.112
0 0.533816425120773 0.5226666666666666 0.04830917874396135 0.11733333333333333
2 0.18438003220611915 0.6546666666666666 0.027375201288244767 0.408
0 0.44082125603864736 0.5106666666666667 0.026570048309178744 0.06666666666666667
0 0.5112721417069244 0.49733333333333335 0.024154589371980676 0.08266666666666667
