0 0.11272141706924316 0.49866666666666665 0.22544283413848631 0.9973333333333333
0 0.8152173913043478 0.704 0.3679549114331723 0.5866666666666667
0 0.3272946859903382 0.6226666666666667 0.20853462157809985 0.5413333333333333
2 0.9194847020933977 0.5693333333333334 0.030595813204508857 0.34933333333333333
2 0.6288244766505636 0.5226666666666666 0.017713365539452495 0.16
0 0.5676328502415459 0.5493333333333333 0.05314009661835749 0.144
0 0.5491143317230274 0.5266666666666666 0.04508856682769726 0.13066666666666665
2 0.4923510466988728 0.488 0.007246376811594203 0.06933333333333333
2 0.4967793880837359 0.49066666666666664 0.008051529790660225 0.064
0 0.45128824476650564 0.4866666666666667 0.016908212560386472 0.056
