2 0.3176328502415459 0.484 0.012077294685990338 0.10933333333333334
0 0.3055555555555556 0.4706666666666667 0.04911433172302738 0.12533333333333332
0 0.3389694041867955 0.48 0.04830917874396135 0.09066666666666667
0 0.3856682769726248 0.472 0.05636070853462158 0.08
0 0.5128824476650563 0.45866666666666667 0.05314009661835749 0.096
0 0.534219001610306 0.46266666666666667 0.04106280193236715 0.06666666666666667
0 0.5688405797101449 0.45866666666666667 0.0426731078904992 0.06933333333333333
0 0.5954106280193237 0.4653333333333333 0.04750402576489533 0.056
0 0.6183574879227053 0.4666666666666667 0.03542673107890499 0.05333333333333334
0 0.6372785829307569 0.468 0.039452495974235106 0.050666666666666665
0 0.6586151368760065 0.464 0.04669887278582931 0.05333333333333334
0 0.6936392914653784 0.44533333333333336 0.04911433172302738 0.07466666666666667
0 0.710950080515298 0.452 0.043478260869565216 0.050666666666666665
0 0.7282608695652174 0.456 0.03784219001610306 0.048
