0 0.1320450885668277 0.6293333333333333 0.2640901771336554 0.736
0 0.8353462157809984 0.748 0.3276972624798712 0.49866666666666665
0 0.6859903381642513 0.6386666666666667 0.12560386473429952 0.31733333333333336
0 0.08333333333333333 0.5213333333333333 0.16666666666666666 0.408
0 0.6739130434782609 0.5413333333333333 0.09339774557165861 0.24
0 0.49557165861513686 0.488 0.033011272141706925 0.11733333333333333
0 0.7294685990338164 0.4613333333333333 0.14492753623188406 0.18133333333333335
0 0.37922705314009664 0.512 0.040257648953301126 0.08533333333333333
0 0.32971014492753625 0.49466666666666664 0.04911433172302738 0.12
0 0.5994363929146538 0.49066666666666664 0.04428341384863124 0.08533333333333333
0 0.5406602254428341 0.44133333333333336 0.023349436392914653 0.088
0 0.5100644122383253 0.428 0.023349436392914653 0.12
0 0.24114331723027374 0.508 0.06038647342995169 0.088
