0 0.7926731078904992 0.552 0.29871175523349436 0.3466666666666667
0 0.9702093397745571 0.43733333333333335 0.057971014492753624 0.12266666666666666
0 0.9512882447665056 0.444 0.09581320450885668 0.11466666666666667
0 0.3365539452495974 0.5693333333333334 0.07085346215780998 0.168
0 0.4110305958132045 0.5573333333333333 0.06521739130434782 0.16533333333333333
0 0.6900161030595813 0.4573333333333333 0.10628019323671498 0.13066666666666665
0 0.7789855072463768 0.444 0.05394524959742351 0.09333333333333334
0 0.8735909822866345 0.42133333333333334 0.06280193236714976 0.112
0 0.8128019323671497 0.4493333333333333 0.05877616747181964 0.088
0 0.3667471819645733 0.5506666666666666 0.0571658615136876 0.12533333333333332
0 0.538244766505636 0.49866666666666665 0.03462157809983897 0.08
0 0.49033816425120774 0.504 0.024154589371980676 0.064
0 0.4492753623188406 0.48133333333333334 0.024154589371980676 0.04
