0 0.8474235104669887 0.7426666666666667 0.3035426731078905 0.5093333333333333
0 0.6839774557165862 0.652 0.16988727858293076 0.38666666666666666
0 0.22061191626409019 0.7173333333333334 0.19162640901771336 0.368
0 0.321658615136876 0.604 0.10064412238325282 0.24266666666666667
0 0.5869565217391305 0.5613333333333334 0.07407407407407407 0.184
0 0.37600644122383253 0.5706666666666667 0.0644122383252818 0.17066666666666666
0 0.5664251207729468 0.5426666666666666 0.05877616747181964 0.12533333333333332
0 0.5475040257648953 0.4866666666666667 0.05475040257648953 0.18933333333333333
0 0.5136876006441223 0.512 0.020933977455716585 0.05333333333333334
0 0.4307568438003221 0.5213333333333333 0.02254428341384863 0.050666666666666665
0 0.501207729468599 0.5053333333333333 0.0249597423510467 0.056
0 0.48027375201288247 0.5093333333333333 0.020128824476650563 0.042666666666666665
