0 0.49033816425120774 0.544 0.04508856682769726 0.12266666666666666
0 0.11714975845410629 0.7466666666666667 0.23429951690821257 0.5013333333333333
0 0.24194847020933977 0.624 0.19082125603864733 0.4
0 0.3353462157809984 0.58 0.1247987117552335 0.17866666666666667
0 0.3502415458937198 0.5533333333333333 0.10789049919484701 0.152
0 0.38446054750402575 0.528 0.07326892109500806 0.10133333333333333
0 0.4074074074074074 0.5066666666666667 0.06280193236714976 0.08533333333333333
0 0.6561996779388084 0.548 0.1642512077294686 0.424
0 0.6002415458937198 0.5626666666666666 0.07326892109500806 0.16
0 0.5458937198067633 0.516 0.030595813204508857 0.07733333333333334
0 0.5249597423510467 0.476 0.024154589371980676 0.08266666666666667
0 0.48752012882447665 0.5066666666666667 0.029790660225442835 0.08533333333333333
0 0.04106280193236715 0.56 0.0821256038647343 0.176
0 0.19404186795491143 0.524 0.12560386473429952 0.264
0 0.12318840579710146 0.5253333333333333 0.09822866344605476 0.14933333333333335
