0 0.1247987117552335 0.7466666666666667 0.249597423510467 0.4106666666666667
0 0.8808373590982287 0.7466666666666667 0.23671497584541062 0.5013333333333333
0 0.7234299516908212 0.6933333333333334 0.2069243156199678 0.43733333333333335
0 0.2669082125603865 0.6213333333333333 0.11030595813204509 0.224
0 0.6006441223832528 0.5666666666666667 0.07729468599033816 0.168
0 0.357085346215781 0.5613333333333334 0.06682769726247988 0.13066666666666665
0 0.572061191626409 0.5466666666666666 0.0571658615136876 0.128
0 0.4061996779388084 0.5173333333333333 0.03140096618357488 0.08
0 0.5475040257648953 0.524 0.03864734299516908 0.09333333333333334
0 0.44524959742351045 0.49066666666666664 0.04186795491143317 0.048
