0 0.8325281803542673 0.564 0.3333333333333333 0.3973333333333333
0 0.9838969404186796 0.43466666666666665 0.030595813204508857 0.128
0 0.9633655394524959 0.44133333333333336 0.071658615136876 0.12
0 0.3289049919484702 0.568 0.07648953301127215 0.18133333333333335
0 0.4005636070853462 0.5586666666666666 0.07809983896940419 0.18933333333333333
0 0.7024959742351047 0.4533333333333333 0.11191626409017713 0.13866666666666666
0 0.7922705314009661 0.44 0.05636070853462158 0.096
0 0.8900966183574879 0.41733333333333333 0.06682769726247988 0.11466666666666667
0 0.8264895330112721 0.44 0.061996779388083734 0.09066666666666667
0 0.3635265700483092 0.5426666666666666 0.06038647342995169 0.13066666666666665
0 0.5422705314009661 0.49466666666666664 0.03462157809983897 0.08266666666666667
0 0.49315619967793883 0.49733333333333335 0.0249597423510467 0.06666666666666667
0 0.4553140096618358 0.4706666666666667 0.026570048309178744 0.04
