0 0.17673107890499196 0.6413333333333333 0.25201288244766507 0.312
0 0.645330112721417 0.6146666666666667 0.10225442834138486 0.23733333333333334
0 0.2805958132045089 0.5733333333333334 0.1570048309178744 0.17066666666666666
0 0.33816425120772947 0.5453333333333333 0.10305958132045089 0.13066666666666665
0 0.36312399355877617 0.5466666666666666 0.10628019323671498 0.12266666666666666
0 0.3675523349436393 0.5333333333333333 0.09420289855072464 0.112
0 0.6082930756843801 0.568 0.071658615136876 0.18666666666666668
0 0.5668276972624798 0.536 0.037037037037037035 0.09066666666666667
0 0.3965378421900161 0.5346666666666666 0.071658615136876 0.09866666666666667
0 0.538647342995169 0.48533333333333334 0.02254428341384863 0.08
