0 0.06521739130434782 0.7466666666666667 0.13043478260869565 0.5013333333333333
0 0.13003220611916264 0.6306666666666667 0.2536231884057971 0.312
0 0.18840579710144928 0.564 0.22061191626409019 0.312
1 0.40700483091787437 0.54 0.020128824476650563 0.14133333333333334
0 0.8909017713365539 0.7093333333333334 0.21658615136876005 0.432
0 0.8349436392914654 0.6533333333333333 0.214170692431562 0.32
0 0.7640901771336553 0.616 0.21900161030595813 0.26666666666666666
0 0.7049114331723028 0.5893333333333334 0.18276972624798712 0.19733333333333333
0 0.6799516908212561 0.556 0.14251207729468598 0.20533333333333334
0 0.32326892109500804 0.5426666666666666 0.11352657004830918 0.12
0 0.3474235104669887 0.5333333333333333 0.09420289855072464 0.10666666666666667
0 0.5273752012882448 0.524 0.03864734299516908 0.09333333333333334
0 0.5096618357487923 0.5013333333333333 0.02254428341384863 0.064
0 0.4927536231884058 0.47333333333333333 0.01288244766505636 0.050666666666666665
