0 0.5193236714975845 0.6013333333333334 0.07407407407407407 0.232
0 0.6384863123993558 0.5506666666666666 0.10789049919484701 0.168
0 0.5869565217391305 0.5306666666666666 0.06280193236714976 0.10133333333333333
0 0.5668276972624798 0.5213333333333333 0.05636070853462158 0.07733333333333334
0 0.07246376811594203 0.744 0.14492753623188406 0.4
0 0.07367149758454106 0.6546666666666666 0.1473429951690821 0.232
0 0.4037842190016103 0.5293333333333333 0.036231884057971016 0.08266666666666667
0 0.4553140096618358 0.5093333333333333 0.0249597423510467 0.058666666666666666
0 0.4826892109500805 0.5 0.016908212560386472 0.04533333333333334
0 0.2995169082125604 0.5533333333333333 0.0644122383252818 0.104
0 0.33413848631239934 0.5333333333333333 0.043478260869565216 0.10133333333333333
0 0.3788244766505636 0.5213333333333333 0.036231884057971016 0.06666666666666667
0 0.4247181964573269 0.512 0.033011272141706925 0.048
0 0.1996779388083736 0.5506666666666666 0.06763285024154589 0.104
0 0.18840579710144928 0.5333333333333333 0.07246376811594203 0.08
