0 0.12439613526570048 0.7333333333333333 0.2246376811594203 0.3893333333333333
0 0.3522544283413849 0.6266666666666667 0.09742351046698873 0.23466666666666666
0 0.24074074074074073 0.6506666666666666 0.13043478260869565 0.25066666666666665
1 0.678743961352657 0.6106666666666667 0.09500805152979067 0.26666666666666666
0 0.9488727858293076 0.5426666666666666 0.10064412238325282 0.27466666666666667
1 0.7101449275362319 0.6306666666666667 0.10466988727858294 0.312
2 0.17713365539452497 0.5986666666666667 0.020933977455716585 0.22666666666666666
0 0.4190821256038647 0.5493333333333333 0.04106280193236715 0.11733333333333333
0 0.44565217391304346 0.516 0.018518518518518517 0.056
0 0.45410628019323673 0.49066666666666664 0.01610305958132045 0.064
0 0.5458937198067633 0.5266666666666666 0.07407407407407407 0.09866666666666667
0 0.5197262479871175 0.508 0.050724637681159424 0.072
0 0.39492753623188404 0.5573333333333333 0.06521739130434782 0.192
