0 0.4673913043478261 0.524 0.03784219001610306 0.104
0 0.05555555555555555 0.732 0.1111111111111111 0.44533333333333336
0 0.2580515297906602 0.768 0.24879227053140096 0.45866666666666667
0 0.3643317230273752 0.6293333333333333 0.11835748792270531 0.2826666666666667
0 0.2785829307568438 0.568 0.13043478260869565 0.192
0 0.34500805152979064 0.5253333333333333 0.08454106280193237 0.10133333333333333
0 0.3896940418679549 0.5053333333333333 0.05958132045088567 0.072
0 0.4110305958132045 0.484 0.04911433172302738 0.07733333333333334
0 0.7717391304347826 0.49866666666666665 0.3824476650563607 0.9973333333333333
0 0.5511272141706924 0.5373333333333333 0.05394524959742351 0.14133333333333334
0 0.5269726247987118 0.512 0.036231884057971016 0.09066666666666667
0 0.5140901771336553 0.44533333333333336 0.04428341384863124 0.18133333333333335
0 0.16304347826086957 0.532 0.08293075684380032 0.10933333333333334
0 0.463768115942029 0.5026666666666667 0.027375201288244767 0.08266666666666667
