0 0.4963768115942029 0.5213333333333333 0.03462157809983897 0.10933333333333334
0 0.8872785829307569 0.72 0.22383252818035426 0.5546666666666666
0 0.7391304347826086 0.644 0.1932367149758454 0.34933333333333333
0 0.6674718196457327 0.5826666666666667 0.14653784219001612 0.2693333333333333
0 0.6400966183574879 0.5573333333333333 0.1288244766505636 0.192
0 0.6151368760064412 0.532 0.10950080515297907 0.168
0 0.5897745571658615 0.5173333333333333 0.08293075684380032 0.10666666666666667
0 0.4138486312399356 0.5093333333333333 0.024154589371980676 0.058666666666666666
0 0.5615942028985508 0.5 0.06038647342995169 0.07733333333333334
0 0.5450885668276972 0.49466666666666664 0.0499194847020934 0.06133333333333333
0 0.534621578099839 0.48 0.04186795491143317 0.064
0 0.394524959742351 0.492 0.02254428341384863 0.050666666666666665
0 0.37278582930756843 0.49066666666666664 0.014492753623188406 0.037333333333333336
