0 0.5044283413848631 0.5626666666666666 0.050724637681159424 0.13866666666666666
0 0.11151368760064412 0.7426666666666667 0.22302737520128824 0.5093333333333333
0 0.22061191626409019 0.6893333333333334 0.23510466988727857 0.36533333333333334
0 0.3526570048309179 0.5746666666666667 0.11272141706924316 0.19466666666666665
0 0.36231884057971014 0.5653333333333334 0.09178743961352658 0.15466666666666667
0 0.41626409017713367 0.5253333333333333 0.07246376811594203 0.096
0 0.4613526570048309 0.47333333333333333 0.043478260869565216 0.072
0 0.7053140096618358 0.668 0.15458937198067632 0.2906666666666667
0 0.6243961352657005 0.572 0.08454106280193237 0.19466666666666665
2 0.5785024154589372 0.5626666666666666 0.020128824476650563 0.15466666666666667
0 0.5676328502415459 0.52 0.03864734299516908 0.10133333333333333
0 0.501610305958132 0.5173333333333333 0.030595813204508857 0.09066666666666667
0 0.10869565217391304 0.5306666666666666 0.12238325281803543 0.144
0 0.6855877616747182 0.49733333333333335 0.08132045088566828 0.104
