0 0.8812399355877617 0.7133333333333334 0.2359098228663446 0.568
0 0.39855072463768115 0.5533333333333333 0.05475040257648953 0.12
0 0.7391304347826086 0.6893333333333334 0.18357487922705315 0.34933333333333333
0 0.6485507246376812 0.5906666666666667 0.09742351046698873 0.22133333333333333
0 0.6111111111111112 0.5626666666666666 0.061191626409017714 0.14933333333333335
0 0.4214975845410628 0.536 0.04428341384863124 0.096
0 0.5905797101449275 0.5413333333333333 0.04750402576489533 0.11733333333333333
0 0.4351851851851852 0.5293333333333333 0.036231884057971016 0.07733333333333334
0 0.5760869565217391 0.5293333333333333 0.03784219001610306 0.09866666666666667
0 0.46578099838969406 0.5093333333333333 0.021739130434782608 0.05333333333333334
