0 0.5285829307568438 0.5293333333333333 0.03462157809983897 0.08266666666666667
0 0.3534621578099839 0.5386666666666666 0.09822866344605476 0.11733333333333333
0 0.29106280193236717 0.5733333333333334 0.13446054750402575 0.16533333333333333
0 0.6630434782608695 0.5626666666666666 0.13123993558776167 0.16
0 0.21457326892109502 0.5853333333333334 0.20209339774557167 0.264
0 0.17310789049919484 0.6306666666666667 0.2576489533011272 0.28
0 0.13365539452495975 0.6853333333333333 0.2673107890499195 0.352
0 0.07890499194847021 0.7426666666666667 0.15780998389694043 0.472
0 0.8719806763285024 0.66 0.25442834138486314 0.34933333333333333
0 0.9114331723027376 0.732 0.17552334943639292 0.43466666666666665
