0 0.12842190016103058 0.7213333333333334 0.25684380032206117 0.552
0 0.8341384863123994 0.744 0.33011272141706927 0.5066666666666667
0 0.4782608695652174 0.572 0.10305958132045089 0.20533333333333334
0 0.7081320450885669 0.6453333333333333 0.11835748792270531 0.32
0 0.6940418679549114 0.5706666666666667 0.08373590982286634 0.224
0 0.9528985507246377 0.45866666666666667 0.09259259259259259 0.18133333333333335
0 0.893317230273752 0.456 0.11996779388083736 0.19733333333333333
0 0.8079710144927537 0.476 0.10225442834138486 0.17333333333333334
0 0.5273752012882448 0.504 0.04669887278582931 0.10133333333333333
0 0.6537842190016103 0.504 0.033816425120772944 0.09066666666666667
0 0.5559581320450886 0.4826666666666667 0.033011272141706925 0.07466666666666667
0 0.6300322061191627 0.43066666666666664 0.036231884057971016 0.11466666666666667
