0 0.8305152979066023 0.7653333333333333 0.33735909822866345 0.464
0 0.0499194847020934 0.7693333333333333 0.0998389694041868 0.456
0 0.10466988727858294 0.6986666666666667 0.20933977455716588 0.384
0 0.13446054750402575 0.644 0.249597423510467 0.2906666666666667
0 0.20169082125603865 0.5973333333333334 0.19082125603864733 0.25066666666666665
0 0.6002415458937198 0.5906666666666667 0.09903381642512077 0.21066666666666667
0 0.3111916264090177 0.572 0.14251207729468598 0.15733333333333333
0 0.5603864734299517 0.5346666666666666 0.05152979066022544 0.10933333333333334
0 0.3168276972624799 0.5493333333333333 0.10869565217391304 0.144
0 0.3353462157809984 0.5253333333333333 0.08776167471819646 0.144
0 0.5314009661835749 0.496 0.027375201288244767 0.08
