2 0.731421647819063 0.68048128342246 0.0864297253634895 0.6336898395721925
2 0.842891760904685 0.5815508021390374 0.05896607431340872 0.5481283422459893
2 0.9915185783521809 0.5935828877005348 0.015347334410339256 0.5294117647058824
2 0.11873990306946688 0.8168449197860963 0.14539579967689822 0.3609625668449198
2 0.18820678513731826 0.8128342245989305 0.10662358642972536 0.3689839572192513
2 0.3121970920840065 0.6590909090909091 0.06865912762520193 0.24866310160427807
2 0.2152665589660743 0.8128342245989305 0.1074313408723748 0.3689839572192513
2 0.42407108239095315 0.5467914438502673 0.01938610662358643 0.22727272727272727
2 0.40105008077544424 0.5454545454545454 0.021809369951534735 0.21390374331550802
2 0.47576736672051695 0.5254010695187166 0.01938610662358643 0.18983957219251338
2 0.49878836833602586 0.49732620320855614 0.013731825525040387 0.13903743315508021
2 0.5153473344103393 0.5240641711229946 0.014539579967689823 0.18181818181818182
2 0.5722940226171244 0.4946524064171123 0.016962843295638127 0.16042780748663102
0 0.44951534733441034 0.4786096256684492 0.025040387722132473 0.06417112299465241
2 0.39135702746365103 0.5240641711229946 0.033117932148626815 0.18181818181818182
2 0.539983844911147 0.5147058823529411 0.013731825525040387 0.16310160427807488
