0 0.0861513687600644 0.7106666666666667 0.1723027375201288 0.43466666666666665
0 0.16022544283413848 0.6173333333333333 0.2286634460547504 0.2853333333333333
0 0.20893719806763286 0.556 0.2037037037037037 0.2906666666666667
1 0.41223832528180354 0.5413333333333333 0.017713365539452495 0.13333333333333333
0 0.9400161030595813 0.752 0.11835748792270531 0.49066666666666664
0 0.8756038647342995 0.68 0.2471819645732689 0.37866666666666665
0 0.8067632850241546 0.632 0.1932367149758454 0.288
0 0.7447665056360708 0.6053333333333333 0.20128824476650564 0.24533333333333332
0 0.6932367149758454 0.5826666666666667 0.1706924315619968 0.184
0 0.6706924315619968 0.5506666666666666 0.13526570048309178 0.19466666666666665
0 0.33132045088566825 0.5386666666666666 0.10869565217391304 0.11733333333333333
0 0.3530595813204509 0.5306666666666666 0.09098228663446055 0.10666666666666667
0 0.5269726247987118 0.524 0.03784219001610306 0.09333333333333334
0 0.5096618357487923 0.5 0.02254428341384863 0.06133333333333333
0 0.49355877616747185 0.47333333333333333 0.01288244766505636 0.050666666666666665
