0 0.40217391304347827 0.5 0.02818035426731079 0.09866666666666667
1 0.4428341384863124 0.5853333333333334 0.043478260869565216 0.2693333333333333
0 0.9363929146537843 0.7306666666666667 0.12560386473429952 0.5333333333333333
0 0.6803542673107891 0.724 0.24476650563607086 0.47733333333333333
0 0.1107085346215781 0.7146666666666667 0.2214170692431562 0.37866666666666665
0 0.21537842190016104 0.616 0.11996779388083736 0.2613333333333333
0 0.5374396135265701 0.5746666666666667 0.09742351046698873 0.23733333333333334
0 0.4967793880837359 0.5546666666666666 0.07246376811594203 0.16533333333333333
0 0.2644927536231884 0.5906666666666667 0.06682769726247988 0.15733333333333333
2 0.644524959742351 0.5346666666666666 0.0249597423510467 0.22133333333333333
0 0.28703703703703703 0.56 0.04911433172302738 0.11733333333333333
0 0.4690016103059581 0.5386666666666666 0.04589371980676329 0.112
