0 0.07769726247987117 0.7293333333333333 0.15539452495974235 0.536
0 0.13003220611916264 0.6386666666666667 0.26006441223832527 0.392
0 0.1473429951690821 0.5986666666666667 0.20933977455716588 0.2853333333333333
0 0.22584541062801933 0.608 0.1859903381642512 0.22933333333333333
0 0.250402576489533 0.5506666666666666 0.17552334943639292 0.19466666666666665
0 0.30475040257648955 0.528 0.1215780998389694 0.16
0 0.322463768115942 0.5093333333333333 0.11996779388083736 0.18133333333333335
1 0.44363929146537845 0.5013333333333333 0.011272141706924315 0.08533333333333333
0 0.7648953301127214 0.7613333333333333 0.2640901771336554 0.472
0 0.8091787439613527 0.608 0.23993558776167473 0.2986666666666667
0 0.7463768115942029 0.5933333333333334 0.16908212560386474 0.22666666666666666
0 0.6980676328502415 0.564 0.1320450885668277 0.17866666666666667
0 0.6755233494363929 0.5453333333333333 0.0998389694041868 0.15733333333333333
0 0.6501610305958132 0.5373333333333333 0.11674718196457327 0.14666666666666667
0 0.6276167471819646 0.532 0.10869565217391304 0.12
0 0.6203703703703703 0.516 0.0893719806763285 0.13066666666666665
0 0.3776167471819646 0.5013333333333333 0.07890499194847021 0.08533333333333333
0 0.392512077294686 0.5013333333333333 0.06843800322061191 0.08
0 0.5249597423510467 0.5 0.028985507246376812 0.072
0 0.499597423510467 0.4573333333333333 0.012077294685990338 0.04533333333333334
