0 0.07085346215780998 0.7893333333333333 0.14170692431561996 0.416
0 0.9210950080515298 0.5733333333333334 0.15619967793880837 0.3413333333333333
0 0.24033816425120774 0.648 0.15056360708534622 0.25066666666666665
0 0.7612721417069244 0.724 0.250402576489533 0.47733333333333333
0 0.6388888888888888 0.6026666666666667 0.11191626409017713 0.26666666666666666
0 0.32004830917874394 0.5906666666666667 0.07648953301127215 0.168
0 0.5797101449275363 0.5453333333333333 0.057971014492753624 0.13066666666666665
0 0.3776167471819646 0.5506666666666666 0.05314009661835749 0.10933333333333334
0 0.5591787439613527 0.536 0.04750402576489533 0.10666666666666667
0 0.41545893719806765 0.5186666666666667 0.027375201288244767 0.072
0 0.5398550724637681 0.5173333333333333 0.033011272141706925 0.08
0 0.46497584541062803 0.488 0.03462157809983897 0.042666666666666665
