0 0.1143317230273752 0.7933333333333333 0.2286634460547504 0.408
0 0.5519323671497585 0.54 0.04750402576489533 0.12533333333333332
0 0.2749597423510467 0.6826666666666666 0.1537842190016103 0.31466666666666665
0 0.7419484702093397 0.5226666666666666 0.16344605475040258 0.16
0 0.7061191626409018 0.49333333333333335 0.1320450885668277 0.176
0 0.3663446054750403 0.544 0.04669887278582931 0.112
0 0.2966988727858293 0.5946666666666667 0.08293075684380032 0.16533333333333333
0 0.6541867954911433 0.5013333333333333 0.09903381642512077 0.11733333333333333
0 0.39855072463768115 0.5306666666666666 0.0322061191626409 0.07466666666666667
0 0.9404186795491143 0.43466666666666665 0.11755233494363929 0.14933333333333335
