0 0.5036231884057971 0.56 0.05394524959742351 0.16533333333333333
0 0.6815619967793881 0.5893333333333334 0.1280193236714976 0.24533333333333332
0 0.6123188405797102 0.544 0.09903381642512077 0.144
0 0.30998389694041867 0.568 0.08856682769726248 0.16533333333333333
0 0.06964573268921095 0.6493333333333333 0.1392914653784219 0.25866666666666666
0 0.17834138486312398 0.576 0.10869565217391304 0.19733333333333333
0 0.41626409017713367 0.516 0.043478260869565216 0.07733333333333334
0 0.4834943639291465 0.484 0.021739130434782608 0.056
0 0.2999194847020934 0.5346666666666666 0.06682769726247988 0.10933333333333334
0 0.38405797101449274 0.5186666666666667 0.04669887278582931 0.06666666666666667
0 0.535024154589372 0.4866666666666667 0.020128824476650563 0.04533333333333334
0 0.20974235104669886 0.54 0.08132045088566828 0.104
